2.576958784778366862e+03 6.838902064565651528e+01 2.222605126045233345e-02 1.169131620801455440e-01 8.238981196199694768e-02 2.200966325980125240e-09 9.752016283135167551e-01
2.576958784778366862e+03 6.838902064565651528e+01 2.222605126045233345e-02 1.169131620801455440e-01 8.238981196199694768e-02 2.200966325980125240e-09 9.752016283135167551e-01
2.576958784778366862e+03 6.838902064565651528e+01 2.222605126045233345e-02 1.169131620801455440e-01 8.238981196199694768e-02 2.200966325980125240e-09 9.752016283135167551e-01
2.576958784778366862e+03 6.837802155252727232e+01 2.223737565875907179e-02 1.167942463475643150e-01 8.199707109344658851e-02 2.201556536558861535e-09 9.753582609115407642e-01
2.578952074779204395e+03 6.834076437925982361e+01 2.224982262455606555e-02 1.168451258060591164e-01 8.262835899437240283e-02 2.204012421325679508e-09 9.752892055693835882e-01
2.578799342705891831e+03 6.832929151386132105e+01 2.228417930811964209e-02 1.170147582436081163e-01 8.262255142742697123e-02 2.203589058097869011e-09 9.752617002786635458e-01
2.577561604663241724e+03 6.846348429684289272e+01 2.226811844244588542e-02 1.170573497366521054e-01 8.245376790310299242e-02 2.200911822996702730e-09 9.755461151812422349e-01
2.577294823653513049e+03 6.846520967775877864e+01 2.229206850683854158e-02 1.170124009099337142e-01 8.221298804295668061e-02 2.197705370287408149e-09 9.760496687495973100e-01
2.577558572802170147e+03 6.852395094751656757e+01 2.229260972204340219e-02 1.170486670868866874e-01 8.271640228187748800e-02 2.200884888139227869e-09 9.760789106465209697e-01
2.577906494203237344e+03 6.852395094751656757e+01 2.229260972204340219e-02 1.170486670868866874e-01 8.271640228187748800e-02 2.200884888139227869e-09 9.760789106465209697e-01
2.577906494203237344e+03 6.856572869485982835e+01 2.227848124968445295e-02 1.172567709734967517e-01 8.249471058176499616e-02 2.203346910411280336e-09 9.764234638840494362e-01
2.579427665699388854e+03 6.849896209014981707e+01 2.228695523304713433e-02 1.172726942771865205e-01 8.363312172959697088e-02 2.205472572158589751e-09 9.763848534740456886e-01
2.579097571775443612e+03 6.853693769845705219e+01 2.229628361121147734e-02 1.172433548579816381e-01 8.366286451685203684e-02 2.205123439949984475e-09 9.763725604469282171e-01
2.579711907740066636e+03 6.857010464112575221e+01 2.227050869535640576e-02 1.170865623634380209e-01 8.279781030678404208e-02 2.208009899093369184e-09 9.768539016061702496e-01
2.580730208078264241e+03 6.854321052828422012e+01 2.228769419818058331e-02 1.170165357986928945e-01 8.308619747782525211e-02 2.207325411010510401e-09 9.770491831819194672e-01
2.579157459675220252e+03 6.856028121063947367e+01 2.225866067601579498e-02 1.169291921148116337e-01 8.356931586074191343e-02 2.209884109916225764e-09 9.769580359360399147e-01
2.579886434110252594e+03 6.860512321960763416e+01 2.226251914946140997e-02 1.169484555590019070e-01 8.391061669648361421e-02 2.206803130511300556e-09 9.773135647201919296e-01
2.578766431426339295e+03 6.860512321960763416e+01 2.226251914946140997e-02 1.169484555590019070e-01 8.391061669648361421e-02 2.206803130511300556e-09 9.773135647201919296e-01
2.578766431426339295e+03 6.860512321960763416e+01 2.226251914946140997e-02 1.169484555590019070e-01 8.391061669648361421e-02 2.206803130511300556e-09 9.773135647201919296e-01
2.578766431426339295e+03 6.860512321960763416e+01 2.226251914946140997e-02 1.169484555590019070e-01 8.391061669648361421e-02 2.206803130511300556e-09 9.773135647201919296e-01
2.578766431426339295e+03 6.860512321960763416e+01 2.226251914946140997e-02 1.169484555590019070e-01 8.391061669648361421e-02 2.206803130511300556e-09 9.773135647201919296e-01
2.578766431426339295e+03 6.855136746495287525e+01 2.221415355618192033e-02 1.169194556865152668e-01 8.341282565184736375e-02 2.207123522466819357e-09 9.767746441946814073e-01
2.579083781775076204e+03 6.855136746495287525e+01 2.221415355618192033e-02 1.169194556865152668e-01 8.341282565184736375e-02 2.207123522466819357e-09 9.767746441946814073e-01
2.579083781775076204e+03 6.847825119144043526e+01 2.224360738904936768e-02 1.170569183455149737e-01 8.323240595521642915e-02 2.205545875644677714e-09 9.767127787891729529e-01
2.577987112259672358e+03 6.847825119144043526e+01 2.224360738904936768e-02 1.170569183455149737e-01 8.323240595521642915e-02 2.205545875644677714e-09 9.767127787891729529e-01
2.577987112259672358e+03 6.847484686999770531e+01 2.226749622453361166e-02 1.170452803689650545e-01 8.334461867987326411e-02 2.208014294314950847e-09 9.768397747220705085e-01
2.578716347189472799e+03 6.847235204700859867e+01 2.227126692156299395e-02 1.171090260341310363e-01 8.356848171479702714e-02 2.204707164555495489e-09 9.766273010621450146e-01
2.577894078443909166e+03 6.847235204700859867e+01 2.227126692156299395e-02 1.171090260341310363e-01 8.356848171479702714e-02 2.204707164555495489e-09 9.766273010621450146e-01
2.577894078443909166e+03 6.847235204700859867e+01 2.227126692156299395e-02 1.171090260341310363e-01 8.356848171479702714e-02 2.204707164555495489e-09 9.766273010621450146e-01
2.577894078443909166e+03 6.847235204700859867e+01 2.227126692156299395e-02 1.171090260341310363e-01 8.356848171479702714e-02 2.204707164555495489e-09 9.766273010621450146e-01
2.577894078443909166e+03 6.852011263426787480e+01 2.228962444215313449e-02 1.169301614900522118e-01 8.359240499525839863e-02 2.206124514786584279e-09 9.769715672721815958e-01
2.577416052127254716e+03 6.857134713471238285e+01 2.229464113864012761e-02 1.170182376061793539e-01 8.286285335095958104e-02 2.203834224831501584e-09 9.771804711495984952e-01
2.578091618700226718e+03 6.857134713471238285e+01 2.229464113864012761e-02 1.170182376061793539e-01 8.286285335095958104e-02 2.203834224831501584e-09 9.771804711495984952e-01
2.578091618700226718e+03 6.857134713471238285e+01 2.229464113864012761e-02 1.170182376061793539e-01 8.286285335095958104e-02 2.203834224831501584e-09 9.771804711495984952e-01
2.578091618700226718e+03 6.857134713471238285e+01 2.229464113864012761e-02 1.170182376061793539e-01 8.286285335095958104e-02 2.203834224831501584e-09 9.771804711495984952e-01
2.578091618700226718e+03 6.857153891042207761e+01 2.232398864154528512e-02 1.170016284411314195e-01 8.373656591506206670e-02 2.210027703319068162e-09 9.767030716566079684e-01
2.578360047683168432e+03 6.857153891042207761e+01 2.232398864154528512e-02 1.170016284411314195e-01 8.373656591506206670e-02 2.210027703319068162e-09 9.767030716566079684e-01
2.578360047683168432e+03 6.857153891042207761e+01 2.232398864154528512e-02 1.170016284411314195e-01 8.373656591506206670e-02 2.210027703319068162e-09 9.767030716566079684e-01
2.578360047683168432e+03 6.857153891042207761e+01 2.232398864154528512e-02 1.170016284411314195e-01 8.373656591506206670e-02 2.210027703319068162e-09 9.767030716566079684e-01
2.578360047683168432e+03 6.866964162515215264e+01 2.231849340518819377e-02 1.169575906369782758e-01 8.470527014008920330e-02 2.210363542600842228e-09 9.765399941181693855e-01
2.578598643210154478e+03 6.864914465070233973e+01 2.231636731708964289e-02 1.169867586995723824e-01 8.425008027898914231e-02 2.212522050683500952e-09 9.764542524482788810e-01
2.578671136734020365e+03 6.864914465070233973e+01 2.231636731708964289e-02 1.169867586995723824e-01 8.425008027898914231e-02 2.212522050683500952e-09 9.764542524482788810e-01
2.578671136734020365e+03 6.864914465070233973e+01 2.231636731708964289e-02 1.169867586995723824e-01 8.425008027898914231e-02 2.212522050683500952e-09 9.764542524482788810e-01
2.578671136734020365e+03 6.865650660098008018e+01 2.233000648381147299e-02 1.170605887657724803e-01 8.383200432346951669e-02 2.210536767648631145e-09 9.766033088048459154e-01
2.578771019447032813e+03 6.865650660098008018e+01 2.233000648381147299e-02 1.170605887657724803e-01 8.383200432346951669e-02 2.210536767648631145e-09 9.766033088048459154e-01
2.578771019447032813e+03 6.861029125498568249e+01 2.235175001595682276e-02 1.171164118901433376e-01 8.369441061685579941e-02 2.206931195553734551e-09 9.767749371295718630e-01
2.577895069705835340e+03 6.861029125498568249e+01 2.235175001595682276e-02 1.171164118901433376e-01 8.369441061685579941e-02 2.206931195553734551e-09 9.767749371295718630e-01
2.577895069705835340e+03 6.855812217345626891e+01 2.233904834804639750e-02 1.170908700617494247e-01 8.206853801297679663e-02 2.207194170142277414e-09 9.769324947070502363e-01
2.583680791158149077e+03 6.855812217345626891e+01 2.233904834804639750e-02 1.170908700617494247e-01 8.206853801297679663e-02 2.207194170142277414e-09 9.769324947070502363e-01
2.583680791158149077e+03 6.855812217345626891e+01 2.233904834804639750e-02 1.170908700617494247e-01 8.206853801297679663e-02 2.207194170142277414e-09 9.769324947070502363e-01
2.583680791158149077e+03 6.857578607324732900e+01 2.232505757419955134e-02 1.167817078310906531e-01 8.267146390309154658e-02 2.207572849211982809e-09 9.764662308835233562e-01
2.581772990349655629e+03 6.852514741698449541e+01 2.235392445788913010e-02 1.168676380031455769e-01 8.364709740119652404e-02 2.205718047495088561e-09 9.755804538657928404e-01
2.576484135093158329e+03 6.852514741698449541e+01 2.235392445788913010e-02 1.168676380031455769e-01 8.364709740119652404e-02 2.205718047495088561e-09 9.755804538657928404e-01
2.576484135093158329e+03 6.852514741698449541e+01 2.235392445788913010e-02 1.168676380031455769e-01 8.364709740119652404e-02 2.205718047495088561e-09 9.755804538657928404e-01
2.576484135093158329e+03 6.852514741698449541e+01 2.235392445788913010e-02 1.168676380031455769e-01 8.364709740119652404e-02 2.205718047495088561e-09 9.755804538657928404e-01
2.576484135093158329e+03 6.854212180957223666e+01 2.234273146785930100e-02 1.168635348628409287e-01 8.283296665284171911e-02 2.209008508947746630e-09 9.754487858638026809e-01
2.580771209006145000e+03 6.855863255434799441e+01 2.235836397840136949e-02 1.168486096334640373e-01 8.296296112332662842e-02 2.208984963193617503e-09 9.757016421716305787e-01
2.580404113440005858e+03 6.855863255434799441e+01 2.235836397840136949e-02 1.168486096334640373e-01 8.296296112332662842e-02 2.208984963193617503e-09 9.757016421716305787e-01
2.580404113440005858e+03 6.856163271378318314e+01 2.235295192568980890e-02 1.168688803262591669e-01 8.399482803722099766e-02 2.206847396861381125e-09 9.756374770583462475e-01
2.576592275754008369e+03 6.854646759817097745e+01 2.238404446423798710e-02 1.168291699159160479e-01 8.410465354703200447e-02 2.205402273101651261e-09 9.757748256644607210e-01
2.577059235789982267e+03 6.851586167876173761e+01 2.238502279078961529e-02 1.168113629997267339e-01 8.360391962802353472e-02 2.206307831073400078e-09 9.754196780034500858e-01
2.576812469590901401e+03 6.851586167876173761e+01 2.238502279078961529e-02 1.168113629997267339e-01 8.360391962802353472e-02 2.206307831073400078e-09 9.754196780034500858e-01
2.576812469590901401e+03 6.856626718227180106e+01 2.236809051561279224e-02 1.167057031452687355e-01 8.397215482706034406e-02 2.205324417282656094e-09 9.748462539566642437e-01
2.576957012582452080e+03 6.856626718227180106e+01 2.236809051561279224e-02 1.167057031452687355e-01 8.397215482706034406e-02 2.205324417282656094e-09 9.748462539566642437e-01
2.576957012582452080e+03 6.855974416396114179e+01 2.235898691648127365e-02 1.167289384810543534e-01 8.261680962572116871e-02 2.203588111204085350e-09 9.747477749517912127e-01
2.576897557493732620e+03 6.855974416396114179e+01 2.235898691648127365e-02 1.167289384810543534e-01 8.261680962572116871e-02 2.203588111204085350e-09 9.747477749517912127e-01
2.576897557493732620e+03 6.845283727290932063e+01 2.236726744345138643e-02 1.168431369817859722e-01 8.311041791713573434e-02 2.205751034573435694e-09 9.744258953375647403e-01
2.577238012056928255e+03 6.845283727290932063e+01 2.236726744345138643e-02 1.168431369817859722e-01 8.311041791713573434e-02 2.205751034573435694e-09 9.744258953375647403e-01
2.577238012056928255e+03 6.847078150269527441e+01 2.239531783052125732e-02 1.169885525444104291e-01 8.320632686612787488e-02 2.202598671336914012e-09 9.747669461318395623e-01
2.577091940562806485e+03 6.841217240307163650e+01 2.239194271159835117e-02 1.168454487716393958e-01 8.363272337273058854e-02 2.204524780730856203e-09 9.744914637474189067e-01
2.577631962425399706e+03 6.841217240307163650e+01 2.239194271159835117e-02 1.168454487716393958e-01 8.363272337273058854e-02 2.204524780730856203e-09 9.744914637474189067e-01
2.577631962425399706e+03 6.848945314556640085e+01 2.237795252012312816e-02 1.167573643993734811e-01 8.342551141892536049e-02 2.206413399921427233e-09 9.746516983357439434e-01
2.577258388156151341e+03 6.848945314556640085e+01 2.237795252012312816e-02 1.167573643993734811e-01 8.342551141892536049e-02 2.206413399921427233e-09 9.746516983357439434e-01
2.577258388156151341e+03 6.848962820556243969e+01 2.240539499624700712e-02 1.167616030521742010e-01 8.356162496922293903e-02 2.207598485262707889e-09 9.741376512768218365e-01
2.577606071424636866e+03 6.848620985879936995e+01 2.242202664449981925e-02 1.167405155423413138e-01 8.358392576780485084e-02 2.204816127071172415e-09 9.741686602691284058e-01
2.577563035412517820e+03 6.851692019452296734e+01 2.244387664126944876e-02 1.166988883152650508e-01 8.428922386306045289e-02 2.207673446014558973e-09 9.743658291822264728e-01
2.577724025887218886e+03 6.845503985508729272e+01 2.244489450957756066e-02 1.167588706187905057e-01 8.442788846362837829e-02 2.205457201141742809e-09 9.743961105526794952e-01
2.579335584747399025e+03 6.846949537015142084e+01 2.241094732011215604e-02 1.167142359085696357e-01 8.320116546095429610e-02 2.203352760183283927e-09 9.750160532695647531e-01
2.577962714604943358e+03 6.844927090524453206e+01 2.242390717177984716e-02 1.165227856014491303e-01 8.351123053209426328e-02 2.205160697022279330e-09 9.741080357160403214e-01
2.580406008192287572e+03 6.847511193011696662e+01 2.239098775339665517e-02 1.165708524842832550e-01 8.346800534751265543e-02 2.205376694691408226e-09 9.736495086045982017e-01
2.578459873758358299e+03 6.853495865922529617e+01 2.238509840085049427e-02 1.166134649429888814e-01 8.371400435834372433e-02 2.202446227190744028e-09 9.740089467177620586e-01
2.578526272181284639e+03 6.851686987383371275e+01 2.240488348687815628e-02 1.167235671914822470e-01 8.380102401430404579e-02 2.201662193223990680e-09 9.744458438918811582e-01
2.579458113542109004e+03 6.851686987383371275e+01 2.240488348687815628e-02 1.167235671914822470e-01 8.380102401430404579e-02 2.201662193223990680e-09 9.744458438918811582e-01
2.579458113542109004e+03 6.851686987383371275e+01 2.240488348687815628e-02 1.167235671914822470e-01 8.380102401430404579e-02 2.201662193223990680e-09 9.744458438918811582e-01
2.579458113542109004e+03 6.851686987383371275e+01 2.240488348687815628e-02 1.167235671914822470e-01 8.380102401430404579e-02 2.201662193223990680e-09 9.744458438918811582e-01
2.579458113542109004e+03 6.851686987383371275e+01 2.240488348687815628e-02 1.167235671914822470e-01 8.380102401430404579e-02 2.201662193223990680e-09 9.744458438918811582e-01
2.579458113542109004e+03 6.851686987383371275e+01 2.240488348687815628e-02 1.167235671914822470e-01 8.380102401430404579e-02 2.201662193223990680e-09 9.744458438918811582e-01
2.579458113542109004e+03 6.851686987383371275e+01 2.240488348687815628e-02 1.167235671914822470e-01 8.380102401430404579e-02 2.201662193223990680e-09 9.744458438918811582e-01
2.579458113542109004e+03 6.848993525817772365e+01 2.243075657304657508e-02 1.167966074125979525e-01 8.423313717668128031e-02 2.205933205863087034e-09 9.742342288083803981e-01
2.578054679616574504e+03 6.854427980701962042e+01 2.243481145975969107e-02 1.167175321532553933e-01 8.484761277785123068e-02 2.209736124135209416e-09 9.746744347365448036e-01
2.577234177233287937e+03 6.854427980701962042e+01 2.243481145975969107e-02 1.167175321532553933e-01 8.484761277785123068e-02 2.209736124135209416e-09 9.746744347365448036e-01
2.577234177233287937e+03 6.854427980701962042e+01 2.243481145975969107e-02 1.167175321532553933e-01 8.484761277785123068e-02 2.209736124135209416e-09 9.746744347365448036e-01
2.577234177233287937e+03 6.859297059970138832e+01 2.244776217888385175e-02 1.165234165771148050e-01 8.446126556598730628e-02 2.207547821165111293e-09 9.749783132447774614e-01
2.577734384080682503e+03 6.859297059970138832e+01 2.244776217888385175e-02 1.165234165771148050e-01 8.446126556598730628e-02 2.207547821165111293e-09 9.749783132447774614e-01
2.577734384080682503e+03 6.859297059970138832e+01 2.244776217888385175e-02 1.165234165771148050e-01 8.446126556598730628e-02 2.207547821165111293e-09 9.749783132447774614e-01
2.577734384080682503e+03 6.869697774865451834e+01 2.245117790147622625e-02 1.165483304100669304e-01 8.472141725293659553e-02 2.208912897736424048e-09 9.752030109554382653e-01
2.576754001255030744e+03 6.864609732979849355e+01 2.243996197373910109e-02 1.166774120408225895e-01 8.574496709317885879e-02 2.211056052447785006e-09 9.748643121265615497e-01
2.578474236938143804e+03 6.864609732979849355e+01 2.243996197373910109e-02 1.166774120408225895e-01 8.574496709317885879e-02 2.211056052447785006e-09 9.748643121265615497e-01
2.578474236938143804e+03 6.872329968043759152e+01 2.241159619467883099e-02 1.167900862430017866e-01 8.405261473851939613e-02 2.207847660377769974e-09 9.747653535658481472e-01
2.577172195446753904e+03 6.867736973850877291e+01 2.240652401586834194e-02 1.168286115753373738e-01 8.380593287760036703e-02 2.206800404533470873e-09 9.749124511547860861e-01
2.576806088776886099e+03 6.873527032236025036e+01 2.239671589875597002e-02 1.168409650706701691e-01 8.335735684951139923e-02 2.200872439321383696e-09 9.747539056643933497e-01
2.581984912059809176e+03 6.876230238891909607e+01 2.238590619554811992e-02 1.168283723909392807e-01 8.359065874096123505e-02 2.200967827046565428e-09 9.753108508063196291e-01
2.583327171667908260e+03 6.881341159015083520e+01 2.240703910768237009e-02 1.167104867861454842e-01 8.296606569112920104e-02 2.199985216337066586e-09 9.758401815546825508e-01
2.579533305029613985e+03 6.877409564798743702e+01 2.239830031390657034e-02 1.167468635790888110e-01 8.187335404632326008e-02 2.200066494925921874e-09 9.756608776526052296e-01
2.577237568668076165e+03 6.877409564798743702e+01 2.239830031390657034e-02 1.167468635790888110e-01 8.187335404632326008e-02 2.200066494925921874e-09 9.756608776526052296e-01
2.577237568668076165e+03 6.877409564798743702e+01 2.239830031390657034e-02 1.167468635790888110e-01 8.187335404632326008e-02 2.200066494925921874e-09 9.756608776526052296e-01
2.577237568668076165e+03 6.884309964508759094e+01 2.242189859749777955e-02 1.168223491452670681e-01 8.138928147004288738e-02 2.196125936079689211e-09 9.757504014330519171e-01
2.578913276013538962e+03 6.884309964508759094e+01 2.242189859749777955e-02 1.168223491452670681e-01 8.138928147004288738e-02 2.196125936079689211e-09 9.757504014330519171e-01
2.578913276013538962e+03 6.876543259383122120e+01 2.243871322740973590e-02 1.168393592422615201e-01 8.167003442917133982e-02 2.197459779765489572e-09 9.752805253732321766e-01
2.577485376656512926e+03 6.876543259383122120e+01 2.243871322740973590e-02 1.168393592422615201e-01 8.167003442917133982e-02 2.197459779765489572e-09 9.752805253732321766e-01
2.577485376656512926e+03 6.876543259383122120e+01 2.243871322740973590e-02 1.168393592422615201e-01 8.167003442917133982e-02 2.197459779765489572e-09 9.752805253732321766e-01
2.577485376656512926e+03 6.876059284467278587e+01 2.243917076221237789e-02 1.168799843276269596e-01 8.159888586233333962e-02 2.198276846811383152e-09 9.755974350694877062e-01
2.577219186921271103e+03 6.881859030750443651e+01 2.244777471345949654e-02 1.167999067312195521e-01 8.108958807081061149e-02 2.197366865606833166e-09 9.749565861601656724e-01
2.577445270251634611e+03 6.881859030750443651e+01 2.244777471345949654e-02 1.167999067312195521e-01 8.108958807081061149e-02 2.197366865606833166e-09 9.749565861601656724e-01
2.577445270251634611e+03 6.881859030750443651e+01 2.244777471345949654e-02 1.167999067312195521e-01 8.108958807081061149e-02 2.197366865606833166e-09 9.749565861601656724e-01
2.577445270251634611e+03 6.881859030750443651e+01 2.244777471345949654e-02 1.167999067312195521e-01 8.108958807081061149e-02 2.197366865606833166e-09 9.749565861601656724e-01
2.577445270251634611e+03 6.886039540277997162e+01 2.242709703059293097e-02 1.168266309743620501e-01 8.125493076043437124e-02 2.201002659485858869e-09 9.748601248439598965e-01
2.579013098381478358e+03 6.886039540277997162e+01 2.242709703059293097e-02 1.168266309743620501e-01 8.125493076043437124e-02 2.201002659485858869e-09 9.748601248439598965e-01
2.579013098381478358e+03 6.883903566956060160e+01 2.239744303651402743e-02 1.168186480231462182e-01 8.224330073877973712e-02 2.202197729022845882e-09 9.747023052616970995e-01
2.578995923320999736e+03 6.878389831447302072e+01 2.235906919616919772e-02 1.168283147640387931e-01 8.269584152068290561e-02 2.203633456737561486e-09 9.741143243787037109e-01
2.579478817370608340e+03 6.878389831447302072e+01 2.235906919616919772e-02 1.168283147640387931e-01 8.269584152068290561e-02 2.203633456737561486e-09 9.741143243787037109e-01
2.579478817370608340e+03 6.878389831447302072e+01 2.235906919616919772e-02 1.168283147640387931e-01 8.269584152068290561e-02 2.203633456737561486e-09 9.741143243787037109e-01
2.579478817370608340e+03 6.876823503174210828e+01 2.233471165246758358e-02 1.167727251727733451e-01 8.286092851989772246e-02 2.203398197408100591e-09 9.743535984484423818e-01
2.579509698409138764e+03 6.876823503174210828e+01 2.233471165246758358e-02 1.167727251727733451e-01 8.286092851989772246e-02 2.203398197408100591e-09 9.743535984484423818e-01
2.579509698409138764e+03 6.876823503174210828e+01 2.233471165246758358e-02 1.167727251727733451e-01 8.286092851989772246e-02 2.203398197408100591e-09 9.743535984484423818e-01
2.579509698409138764e+03 6.873776958384728175e+01 2.233619622137086175e-02 1.168111425129275266e-01 8.320510330863806203e-02 2.205752908798302710e-09 9.746251356557731338e-01
2.578479940785768576e+03 6.873776958384728175e+01 2.233619622137086175e-02 1.168111425129275266e-01 8.320510330863806203e-02 2.205752908798302710e-09 9.746251356557731338e-01
2.578479940785768576e+03 6.877915339948978612e+01 2.231940275231657916e-02 1.165970324235695854e-01 8.355864328144527176e-02 2.208831733653564292e-09 9.747790985506465944e-01
2.578402606729147010e+03 6.877915339948978612e+01 2.231940275231657916e-02 1.165970324235695854e-01 8.355864328144527176e-02 2.208831733653564292e-09 9.747790985506465944e-01
2.578402606729147010e+03 6.886615058810394885e+01 2.233193860709212566e-02 1.165696114620136115e-01 8.352490335099189978e-02 2.214531649353353533e-09 9.748149100232493813e-01
2.584100039844471212e+03 6.886615058810394885e+01 2.233193860709212566e-02 1.165696114620136115e-01 8.352490335099189978e-02 2.214531649353353533e-09 9.748149100232493813e-01
2.584100039844471212e+03 6.888863553827231101e+01 2.233983216620968534e-02 1.163866799473531888e-01 8.442182265599676438e-02 2.211470179843123119e-09 9.745081569980967862e-01
2.578723721014725925e+03 6.888863553827231101e+01 2.233983216620968534e-02 1.163866799473531888e-01 8.442182265599676438e-02 2.211470179843123119e-09 9.745081569980967862e-01
2.578723721014725925e+03 6.893088308427678612e+01 2.235428014340992003e-02 1.163018780017675419e-01 8.498127472007102612e-02 2.214404325862397680e-09 9.742802713424800753e-01
2.578930235888988591e+03 6.893088308427678612e+01 2.235428014340992003e-02 1.163018780017675419e-01 8.498127472007102612e-02 2.214404325862397680e-09 9.742802713424800753e-01
2.578930235888988591e+03 6.894189499194897053e+01 2.238747978386485676e-02 1.163247605575748328e-01 8.429880431306278898e-02 2.210916525680783066e-09 9.740310587262140940e-01
2.578564361210654170e+03 6.894189499194897053e+01 2.238747978386485676e-02 1.163247605575748328e-01 8.429880431306278898e-02 2.210916525680783066e-09 9.740310587262140940e-01
2.578564361210654170e+03 6.894189499194897053e+01 2.238747978386485676e-02 1.163247605575748328e-01 8.429880431306278898e-02 2.210916525680783066e-09 9.740310587262140940e-01
2.578564361210654170e+03 6.886330052847645788e+01 2.237406240749872585e-02 1.161494979160193897e-01 8.494795365528581832e-02 2.210542367814959099e-09 9.745144804752134959e-01
2.577309561598947766e+03 6.888798670096430499e+01 2.235991233142432810e-02 1.162662816270689792e-01 8.436108058499022788e-02 2.209311553419640931e-09 9.747347465504444530e-01
2.577723818091792054e+03 6.888798670096430499e+01 2.235991233142432810e-02 1.162662816270689792e-01 8.436108058499022788e-02 2.209311553419640931e-09 9.747347465504444530e-01
2.577723818091792054e+03 6.888798670096430499e+01 2.235991233142432810e-02 1.162662816270689792e-01 8.436108058499022788e-02 2.209311553419640931e-09 9.747347465504444530e-01
2.577723818091792054e+03 6.886471064736220171e+01 2.239111669118769646e-02 1.163641170294439225e-01 8.383562653606492499e-02 2.209023583320584336e-09 9.747920881455143238e-01
2.577513827160878009e+03 6.887945282480886533e+01 2.240993741141597551e-02 1.162024171853727333e-01 8.450697153949478235e-02 2.208226184410013633e-09 9.745890531973664395e-01
2.577181687164832510e+03 6.887945282480886533e+01 2.240993741141597551e-02 1.162024171853727333e-01 8.450697153949478235e-02 2.208226184410013633e-09 9.745890531973664395e-01
2.577181687164832510e+03 6.884707455066850912e+01 2.244850920929230068e-02 1.162629095462165557e-01 8.576428868994254162e-02 2.210540330701717291e-09 9.749718741796207233e-01
2.578262451676115234e+03 6.880575805726162741e+01 2.240984103322389218e-02 1.162388159702666124e-01 8.579085193597564551e-02 2.213176772918695094e-09 9.755420847248319483e-01
2.576643789132742313e+03 6.885939939703573032e+01 2.240239660621496862e-02 1.162718652651273110e-01 8.504043535137038867e-02 2.209331650771887279e-09 9.754366220477687088e-01
2.577110020839819299e+03 6.885939939703573032e+01 2.240239660621496862e-02 1.162718652651273110e-01 8.504043535137038867e-02 2.209331650771887279e-09 9.754366220477687088e-01
2.577110020839819299e+03 6.885387929802698181e+01 2.242101114411540821e-02 1.162931948114684644e-01 8.516013793692081557e-02 2.209228909642441393e-09 9.754175016655622921e-01
2.577293893882084376e+03 6.885387929802698181e+01 2.242101114411540821e-02 1.162931948114684644e-01 8.516013793692081557e-02 2.209228909642441393e-09 9.754175016655622921e-01
2.577293893882084376e+03 6.883782015410515953e+01 2.243968924116686303e-02 1.164130260786141735e-01 8.423178580355107636e-02 2.208705629017443941e-09 9.752967723852536963e-01
2.576608836284227891e+03 6.883782015410515953e+01 2.243968924116686303e-02 1.164130260786141735e-01 8.423178580355107636e-02 2.208705629017443941e-09 9.752967723852536963e-01
2.576608836284227891e+03 6.883782015410515953e+01 2.243968924116686303e-02 1.164130260786141735e-01 8.423178580355107636e-02 2.208705629017443941e-09 9.752967723852536963e-01
2.576608836284227891e+03 6.882276345902567982e+01 2.244717882141216217e-02 1.164385623048387747e-01 8.479166622073530668e-02 2.206765698087744224e-09 9.747962979465319977e-01
2.578867933961920244e+03 6.893401314836600591e+01 2.245311456017827154e-02 1.165447801463732752e-01 8.390692526683168895e-02 2.206969533074872344e-09 9.749551510893761375e-01
2.578303465065450382e+03 6.888442951337844988e+01 2.244872776958006105e-02 1.165217958729641429e-01 8.351462226016741208e-02 2.211562813585988499e-09 9.750610103902953574e-01
2.579794429158737330e+03 6.887921965466739493e+01 2.243402142927784088e-02 1.165305929143487101e-01 8.311162160338549099e-02 2.211173835034501857e-09 9.751995597563318796e-01
2.581676864344623937e+03 6.881013840743706567e+01 2.241555761315263198e-02 1.165646637068180197e-01 8.332728779242477846e-02 2.209421982378358643e-09 9.748724806249411401e-01
2.578366189652393587e+03 6.887559233824680405e+01 2.240876273017378822e-02 1.165708531956426847e-01 8.267438842685180533e-02 2.208135774116825965e-09 9.749261308661113512e-01
2.579979839475174686e+03 6.887559233824680405e+01 2.240876273017378822e-02 1.165708531956426847e-01 8.267438842685180533e-02 2.208135774116825965e-09 9.749261308661113512e-01
2.579979839475174686e+03 6.881994785541898807e+01 2.236353536787110546e-02 1.166652358286943553e-01 8.274405915357427310e-02 2.208543081814094739e-09 9.749592550283364689e-01
2.580122565048125125e+03 6.881994785541898807e+01 2.236353536787110546e-02 1.166652358286943553e-01 8.274405915357427310e-02 2.208543081814094739e-09 9.749592550283364689e-01
2.580122565048125125e+03 6.881994785541898807e+01 2.236353536787110546e-02 1.166652358286943553e-01 8.274405915357427310e-02 2.208543081814094739e-09 9.749592550283364689e-01
2.580122565048125125e+03 6.881994785541898807e+01 2.236353536787110546e-02 1.166652358286943553e-01 8.274405915357427310e-02 2.208543081814094739e-09 9.749592550283364689e-01
2.580122565048125125e+03 6.877663013991698904e+01 2.235624998501188621e-02 1.165144145144864779e-01 8.337138386843834237e-02 2.207924644432601946e-09 9.746855581715756500e-01
2.577698144815089563e+03 6.875720771781514884e+01 2.237027214768070454e-02 1.164248057270164255e-01 8.312448994223345378e-02 2.208290421392591071e-09 9.741424171561364753e-01
2.578740502647807716e+03 6.875720771781514884e+01 2.237027214768070454e-02 1.164248057270164255e-01 8.312448994223345378e-02 2.208290421392591071e-09 9.741424171561364753e-01
2.578740502647807716e+03 6.875720771781514884e+01 2.237027214768070454e-02 1.164248057270164255e-01 8.312448994223345378e-02 2.208290421392591071e-09 9.741424171561364753e-01
2.578740502647807716e+03 6.875720771781514884e+01 2.237027214768070454e-02 1.164248057270164255e-01 8.312448994223345378e-02 2.208290421392591071e-09 9.741424171561364753e-01
2.578740502647807716e+03 6.875720771781514884e+01 2.237027214768070454e-02 1.164248057270164255e-01 8.312448994223345378e-02 2.208290421392591071e-09 9.741424171561364753e-01
2.578740502647807716e+03 6.877428654287922427e+01 2.235352775639196099e-02 1.164955778428451716e-01 8.322144157140790033e-02 2.208059425233569487e-09 9.742731540584194105e-01
2.578103939638760949e+03 6.877428654287922427e+01 2.235352775639196099e-02 1.164955778428451716e-01 8.322144157140790033e-02 2.208059425233569487e-09 9.742731540584194105e-01
2.578103939638760949e+03 6.877428654287922427e+01 2.235352775639196099e-02 1.164955778428451716e-01 8.322144157140790033e-02 2.208059425233569487e-09 9.742731540584194105e-01
2.578103939638760949e+03 6.876445504754833848e+01 2.234348514136256722e-02 1.163984519658168987e-01 8.237185318255708932e-02 2.204218470581316967e-09 9.737769583916056071e-01
2.578369010915151648e+03 6.876445504754833848e+01 2.234348514136256722e-02 1.163984519658168987e-01 8.237185318255708932e-02 2.204218470581316967e-09 9.737769583916056071e-01
2.578369010915151648e+03 6.876445504754833848e+01 2.234348514136256722e-02 1.163984519658168987e-01 8.237185318255708932e-02 2.204218470581316967e-09 9.737769583916056071e-01
2.578369010915151648e+03 6.870520488349151833e+01 2.236187208744858101e-02 1.164648175980001338e-01 8.306095356687112630e-02 2.201084251727075078e-09 9.735717728196389142e-01
2.578467105519295274e+03 6.865958196272669056e+01 2.236230130744188208e-02 1.165237085116517801e-01 8.275715416602889840e-02 2.201194976427897639e-09 9.732888126490680802e-01
2.577695872575303838e+03 6.870388123067613151e+01 2.236386707947572022e-02 1.163698894575869308e-01 8.340055246236428854e-02 2.204052746115066122e-09 9.731916477248024888e-01
2.577773355557981631e+03 6.870388123067613151e+01 2.236386707947572022e-02 1.163698894575869308e-01 8.340055246236428854e-02 2.204052746115066122e-09 9.731916477248024888e-01
2.577773355557981631e+03 6.866346648032370581e+01 2.238568460904123703e-02 1.163148789532754968e-01 8.315034598827571177e-02 2.201650046384195596e-09 9.733590717784905699e-01
2.577999112812505246e+03 6.864241958825853374e+01 2.240977294766862207e-02 1.163391592986278839e-01 8.427571494444033307e-02 2.201573758987366401e-09 9.735558264912100856e-01
2.582194843381874762e+03 6.864241958825853374e+01 2.240977294766862207e-02 1.163391592986278839e-01 8.427571494444033307e-02 2.201573758987366401e-09 9.735558264912100856e-01
2.582194843381874762e+03 6.864241958825853374e+01 2.240977294766862207e-02 1.163391592986278839e-01 8.427571494444033307e-02 2.201573758987366401e-09 9.735558264912100856e-01
2.582194843381874762e+03 6.864241958825853374e+01 2.240977294766862207e-02 1.163391592986278839e-01 8.427571494444033307e-02 2.201573758987366401e-09 9.735558264912100856e-01
2.582194843381874762e+03 6.877082381091400975e+01 2.242946838954656616e-02 1.162247353084472218e-01 8.460234889261286639e-02 2.205139103669777089e-09 9.738416319559891621e-01
2.579375218308306103e+03 6.880304575855006988e+01 2.243530647781118159e-02 1.161855280526347539e-01 8.322876568199472080e-02 2.201606268806207501e-09 9.743630381572602195e-01
2.577335090283040699e+03 6.880304575855006988e+01 2.243530647781118159e-02 1.161855280526347539e-01 8.322876568199472080e-02 2.201606268806207501e-09 9.743630381572602195e-01
2.577335090283040699e+03 6.880304575855006988e+01 2.243530647781118159e-02 1.161855280526347539e-01 8.322876568199472080e-02 2.201606268806207501e-09 9.743630381572602195e-01
2.577335090283040699e+03 6.880304575855006988e+01 2.243530647781118159e-02 1.161855280526347539e-01 8.322876568199472080e-02 2.201606268806207501e-09 9.743630381572602195e-01
2.577335090283040699e+03 6.880304575855006988e+01 2.243530647781118159e-02 1.161855280526347539e-01 8.322876568199472080e-02 2.201606268806207501e-09 9.743630381572602195e-01
2.577335090283040699e+03 6.880194382969034450e+01 2.243968110362154142e-02 1.161697404386810573e-01 8.250893417882759762e-02 2.199299775216250216e-09 9.745660342198474435e-01
2.577203290296104569e+03 6.879534077034533368e+01 2.244497532926620700e-02 1.160618193049840347e-01 8.340319112692705372e-02 2.199591767021998914e-09 9.749627294949717582e-01
2.578250785958211054e+03 6.878899025317379312e+01 2.244285681387807319e-02 1.162174284544251479e-01 8.377371856056303745e-02 2.201050427114116993e-09 9.749412683752444186e-01
2.578460218239874848e+03 6.880117802989261122e+01 2.247639615948555589e-02 1.161907985438960650e-01 8.299944042870968652e-02 2.200102067024159637e-09 9.751280390672460996e-01
2.577415852765781437e+03 6.881466100279898512e+01 2.245675706877636388e-02 1.162474525538720466e-01 8.235773476317173603e-02 2.201401849998546270e-09 9.751497087978314715e-01
2.577776993390099506e+03 6.890520735455768886e+01 2.246356985686077251e-02 1.162865567545746798e-01 8.183533777272354592e-02 2.198695725554104044e-09 9.748067978453168747e-01
2.576961279397037288e+03 6.890520735455768886e+01 2.246356985686077251e-02 1.162865567545746798e-01 8.183533777272354592e-02 2.198695725554104044e-09 9.748067978453168747e-01
2.576961279397037288e+03 6.890520735455768886e+01 2.246356985686077251e-02 1.162865567545746798e-01 8.183533777272354592e-02 2.198695725554104044e-09 9.748067978453168747e-01
2.576961279397037288e+03 6.890520735455768886e+01 2.246356985686077251e-02 1.162865567545746798e-01 8.183533777272354592e-02 2.198695725554104044e-09 9.748067978453168747e-01
2.576961279397037288e+03 6.890520735455768886e+01 2.246356985686077251e-02 1.162865567545746798e-01 8.183533777272354592e-02 2.198695725554104044e-09 9.748067978453168747e-01
2.576961279397037288e+03 6.893218676088167740e+01 2.246555487672172169e-02 1.162503740858225748e-01 8.226452628920105647e-02 2.200436289127676542e-09 9.747330685105513037e-01
2.577035725573730360e+03 6.892135476756699575e+01 2.247701628972802179e-02 1.162497408890696138e-01 8.139746762580454820e-02 2.197056140787774173e-09 9.745765614917113462e-01
2.577130596369761406e+03 6.892135476756699575e+01 2.247701628972802179e-02 1.162497408890696138e-01 8.139746762580454820e-02 2.197056140787774173e-09 9.745765614917113462e-01
2.577130596369761406e+03 6.892135476756699575e+01 2.247701628972802179e-02 1.162497408890696138e-01 8.139746762580454820e-02 2.197056140787774173e-09 9.745765614917113462e-01
2.577130596369761406e+03 6.892135476756699575e+01 2.247701628972802179e-02 1.162497408890696138e-01 8.139746762580454820e-02 2.197056140787774173e-09 9.745765614917113462e-01
2.577130596369761406e+03 6.892135476756699575e+01 2.247701628972802179e-02 1.162497408890696138e-01 8.139746762580454820e-02 2.197056140787774173e-09 9.745765614917113462e-01
2.577130596369761406e+03 6.888534356637630651e+01 2.243870743239916032e-02 1.163121619873423579e-01 8.099813608132111487e-02 2.195899568077165916e-09 9.747049232841727973e-01
2.577181759386424346e+03 6.888534356637630651e+01 2.243870743239916032e-02 1.163121619873423579e-01 8.099813608132111487e-02 2.195899568077165916e-09 9.747049232841727973e-01
2.577181759386424346e+03 6.884598193637468455e+01 2.246794796871413868e-02 1.163140516344933068e-01 8.093777845391378345e-02 2.195944135724777393e-09 9.748601318647239777e-01
2.577514175998388509e+03 6.884598193637468455e+01 2.246794796871413868e-02 1.163140516344933068e-01 8.093777845391378345e-02 2.195944135724777393e-09 9.748601318647239777e-01
2.577514175998388509e+03 6.884598193637468455e+01 2.246794796871413868e-02 1.163140516344933068e-01 8.093777845391378345e-02 2.195944135724777393e-09 9.748601318647239777e-01
2.577514175998388509e+03 6.884598193637468455e+01 2.246794796871413868e-02 1.163140516344933068e-01 8.093777845391378345e-02 2.195944135724777393e-09 9.748601318647239777e-01
2.577514175998388509e+03 6.884598193637468455e+01 2.246794796871413868e-02 1.163140516344933068e-01 8.093777845391378345e-02 2.195944135724777393e-09 9.748601318647239777e-01
2.577514175998388509e+03 6.890180086063219278e+01 2.245611592036834969e-02 1.164511426288317858e-01 7.969518735961225731e-02 2.190567875834288120e-09 9.747037563220940504e-01
2.577270938803429999e+03 6.888531229845241910e+01 2.244218624143339350e-02 1.163944264459738503e-01 7.973215408328074294e-02 2.185207427028718925e-09 9.746834155832091451e-01
2.579275203587953001e+03 6.881924620392157976e+01 2.244783821918741248e-02 1.164914245368919993e-01 7.875047237687686497e-02 2.184137104120593370e-09 9.749470179407477843e-01
2.576841092085604487e+03 6.881924620392157976e+01 2.244783821918741248e-02 1.164914245368919993e-01 7.875047237687686497e-02 2.184137104120593370e-09 9.749470179407477843e-01
2.576841092085604487e+03 6.881924620392157976e+01 2.244783821918741248e-02 1.164914245368919993e-01 7.875047237687686497e-02 2.184137104120593370e-09 9.749470179407477843e-01
2.576841092085604487e+03 6.881924620392157976e+01 2.244783821918741248e-02 1.164914245368919993e-01 7.875047237687686497e-02 2.184137104120593370e-09 9.749470179407477843e-01
2.576841092085604487e+03 6.876398442785826148e+01 2.243936523164567765e-02 1.166120082196254321e-01 7.860484621312595344e-02 2.185166732767027018e-09 9.751474287852964773e-01
2.576697031488043649e+03 6.876398442785826148e+01 2.243936523164567765e-02 1.166120082196254321e-01 7.860484621312595344e-02 2.185166732767027018e-09 9.751474287852964773e-01
2.576697031488043649e+03 6.880911403850554109e+01 2.242088747909255775e-02 1.168256044123109072e-01 7.851466927063698031e-02 2.189266555646129685e-09 9.747208303898536874e-01
2.578650894254745253e+03 6.880911403850554109e+01 2.242088747909255775e-02 1.168256044123109072e-01 7.851466927063698031e-02 2.189266555646129685e-09 9.747208303898536874e-01
2.578650894254745253e+03 6.880911403850554109e+01 2.242088747909255775e-02 1.168256044123109072e-01 7.851466927063698031e-02 2.189266555646129685e-09 9.747208303898536874e-01
2.578650894254745253e+03 6.881514012051461293e+01 2.239651638841449327e-02 1.169242568396867132e-01 7.818616904294427294e-02 2.190529514451288803e-09 9.747823649198984475e-01
2.581240514659036307e+03 6.877357316108124508e+01 2.237094627652753270e-02 1.170027678003175281e-01 7.738227238482653370e-02 2.188285969728399109e-09 9.750317462969849691e-01
2.582875664903219786e+03 6.872707840897764697e+01 2.236667062672291831e-02 1.169993390488228424e-01 7.816207990772996994e-02 2.190289290034084218e-09 9.749133049749848512e-01
2.580820963570356525e+03 6.872707840897764697e+01 2.236667062672291831e-02 1.169993390488228424e-01 7.816207990772996994e-02 2.190289290034084218e-09 9.749133049749848512e-01
2.580820963570356525e+03 6.874047614905637715e+01 2.235658583939584970e-02 1.169227924468433932e-01 7.766741067827917511e-02 2.188878115772656147e-09 9.746492145947953656e-01
2.581794753887480965e+03 6.870313788292475010e+01 2.237079975761969639e-02 1.169415513490760644e-01 7.804699245662721774e-02 2.188300672780114198e-09 9.745571104394996631e-01
2.579054950813430423e+03 6.870313788292475010e+01 2.237079975761969639e-02 1.169415513490760644e-01 7.804699245662721774e-02 2.188300672780114198e-09 9.745571104394996631e-01
2.579054950813430423e+03 6.873977870427299308e+01 2.239106668441707623e-02 1.169700100235902124e-01 7.825278007113120604e-02 2.187130726789323495e-09 9.740402569431708679e-01
2.578311845100359278e+03 6.873977870427299308e+01 2.239106668441707623e-02 1.169700100235902124e-01 7.825278007113120604e-02 2.187130726789323495e-09 9.740402569431708679e-01
2.578311845100359278e+03 6.873977870427299308e+01 2.239106668441707623e-02 1.169700100235902124e-01 7.825278007113120604e-02 2.187130726789323495e-09 9.740402569431708679e-01
2.578311845100359278e+03 6.870554083389731659e+01 2.239226909279249875e-02 1.170637807893331744e-01 7.950785532574165815e-02 2.187208902994687466e-09 9.739570100944020536e-01
2.581668840764963988e+03 6.869877345957587522e+01 2.235952515145886443e-02 1.169322852813916430e-01 8.041994615662670376e-02 2.192899244276706235e-09 9.741175056705859703e-01
2.578886120146760732e+03 6.861642269300878638e+01 2.235876576726502848e-02 1.169124129794418265e-01 8.107053361193612695e-02 2.193832703166907395e-09 9.744030891681915163e-01
2.578124472743543720e+03 6.855163606341017157e+01 2.234026203105954345e-02 1.171282364783961527e-01 8.090933416184309390e-02 2.196059568622195354e-09 9.742895275997701665e-01
2.577367115225170437e+03 6.858311512451815872e+01 2.236535724160154323e-02 1.171304820844548955e-01 8.039453907012887590e-02 2.195097776816473853e-09 9.741475684056728479e-01
2.577147212129406853e+03 6.858311512451815872e+01 2.236535724160154323e-02 1.171304820844548955e-01 8.039453907012887590e-02 2.195097776816473853e-09 9.741475684056728479e-01
2.577147212129406853e+03 6.856519629606074773e+01 2.239490984078270144e-02 1.171870980126980405e-01 8.058067347851473328e-02 2.198090866283099646e-09 9.740554771851617222e-01
2.576983349039755012e+03 6.856519629606074773e+01 2.239490984078270144e-02 1.171870980126980405e-01 8.058067347851473328e-02 2.198090866283099646e-09 9.740554771851617222e-01
2.576983349039755012e+03 6.856519629606074773e+01 2.239490984078270144e-02 1.171870980126980405e-01 8.058067347851473328e-02 2.198090866283099646e-09 9.740554771851617222e-01
2.576983349039755012e+03 6.856519629606074773e+01 2.239490984078270144e-02 1.171870980126980405e-01 8.058067347851473328e-02 2.198090866283099646e-09 9.740554771851617222e-01
2.576983349039755012e+03 6.854617768296813551e+01 2.241273451798934946e-02 1.172863271000872259e-01 8.117920553982678478e-02 2.195352715805484565e-09 9.742352900963519025e-01
2.578652565140779643e+03 6.856432556847840942e+01 2.239855008733607211e-02 1.173060333177236569e-01 8.030959257963433962e-02 2.193958297260475849e-09 9.744382560848213748e-01
2.577566917118730998e+03 6.856432556847840942e+01 2.239855008733607211e-02 1.173060333177236569e-01 8.030959257963433962e-02 2.193958297260475849e-09 9.744382560848213748e-01
2.577566917118730998e+03 6.856432556847840942e+01 2.239855008733607211e-02 1.173060333177236569e-01 8.030959257963433962e-02 2.193958297260475849e-09 9.744382560848213748e-01
2.577566917118730998e+03 6.856432556847840942e+01 2.239855008733607211e-02 1.173060333177236569e-01 8.030959257963433962e-02 2.193958297260475849e-09 9.744382560848213748e-01
2.577566917118730998e+03 6.856426577698094604e+01 2.237637864557456141e-02 1.173301513182114925e-01 7.962112667612410155e-02 2.195007600135896999e-09 9.748520977549977040e-01
2.578110618432635874e+03 6.856426577698094604e+01 2.237637864557456141e-02 1.173301513182114925e-01 7.962112667612410155e-02 2.195007600135896999e-09 9.748520977549977040e-01
2.578110618432635874e+03 6.856426577698094604e+01 2.237637864557456141e-02 1.173301513182114925e-01 7.962112667612410155e-02 2.195007600135896999e-09 9.748520977549977040e-01
2.578110618432635874e+03 6.855051768517660093e+01 2.235810688106604910e-02 1.173078985487946285e-01 7.965250790084381360e-02 2.194649153423314886e-09 9.748309263003194225e-01
2.577931810631382177e+03 6.855051768517660093e+01 2.235810688106604910e-02 1.173078985487946285e-01 7.965250790084381360e-02 2.194649153423314886e-09 9.748309263003194225e-01
2.577931810631382177e+03 6.850216986999704716e+01 2.236560189370524407e-02 1.172502764374560025e-01 8.119596706130000063e-02 2.199014946822282036e-09 9.755048454294494853e-01
2.576973697975763571e+03 6.850216986999704716e+01 2.236560189370524407e-02 1.172502764374560025e-01 8.119596706130000063e-02 2.199014946822282036e-09 9.755048454294494853e-01
2.576973697975763571e+03 6.850216986999704716e+01 2.236560189370524407e-02 1.172502764374560025e-01 8.119596706130000063e-02 2.199014946822282036e-09 9.755048454294494853e-01
2.576973697975763571e+03 6.857590502100504182e+01 2.237614269570211561e-02 1.172274402832586132e-01 8.191608413462202198e-02 2.198060541686011723e-09 9.757547975864229173e-01
2.578493665441395933e+03 6.859846058730772711e+01 2.236609478440845442e-02 1.172284709074147419e-01 7.977367910287698483e-02 2.195473179136862021e-09 9.754718754346314302e-01
2.578715638461711933e+03 6.859846058730772711e+01 2.236609478440845442e-02 1.172284709074147419e-01 7.977367910287698483e-02 2.195473179136862021e-09 9.754718754346314302e-01
2.578715638461711933e+03 6.859846058730772711e+01 2.236609478440845442e-02 1.172284709074147419e-01 7.977367910287698483e-02 2.195473179136862021e-09 9.754718754346314302e-01
2.578715638461711933e+03 6.851292823200377313e+01 2.237049508600966879e-02 1.173230229893396509e-01 8.046746170053636904e-02 2.197124781369356302e-09 9.758629124368134455e-01
2.577816689762744318e+03 6.846266436158524016e+01 2.235749848115645491e-02 1.175291332912140885e-01 8.027863220841767455e-02 2.196782109791099287e-09 9.757217767497206040e-01
2.578022232377940782e+03 6.846266436158524016e+01 2.235749848115645491e-02 1.175291332912140885e-01 8.027863220841767455e-02 2.196782109791099287e-09 9.757217767497206040e-01
2.578022232377940782e+03 6.844702502215876905e+01 2.240211472202464221e-02 1.174285790893341008e-01 8.186476825164834548e-02 2.200782753510096646e-09 9.763217839896017880e-01
2.577288961158831626e+03 6.844702502215876905e+01 2.240211472202464221e-02 1.174285790893341008e-01 8.186476825164834548e-02 2.200782753510096646e-09 9.763217839896017880e-01
2.577288961158831626e+03 6.849431002728145756e+01 2.243127273105771646e-02 1.173456045624369504e-01 8.159270301282749160e-02 2.196978672842316731e-09 9.763469436395409984e-01
2.577609757752627502e+03 6.845518556958312217e+01 2.241547407559847660e-02 1.174618323197105796e-01 8.155512322549877957e-02 2.201105205974175678e-09 9.758878407425940482e-01
2.577343365729265315e+03 6.845518556958312217e+01 2.241547407559847660e-02 1.174618323197105796e-01 8.155512322549877957e-02 2.201105205974175678e-09 9.758878407425940482e-01
2.577343365729265315e+03 6.845518556958312217e+01 2.241547407559847660e-02 1.174618323197105796e-01 8.155512322549877957e-02 2.201105205974175678e-09 9.758878407425940482e-01
2.577343365729265315e+03 6.845518556958312217e+01 2.241547407559847660e-02 1.174618323197105796e-01 8.155512322549877957e-02 2.201105205974175678e-09 9.758878407425940482e-01
2.577343365729265315e+03 6.845518556958312217e+01 2.241547407559847660e-02 1.174618323197105796e-01 8.155512322549877957e-02 2.201105205974175678e-09 9.758878407425940482e-01
2.577343365729265315e+03 6.852732178075193303e+01 2.239253959531518900e-02 1.173638144976232450e-01 8.092898266578033017e-02 2.204540900741479528e-09 9.757869633297707734e-01
2.583265364894937193e+03 6.845516237565342976e+01 2.241073315277546801e-02 1.174111021761377049e-01 8.134037936455192075e-02 2.203825213844413499e-09 9.756455658911244999e-01
2.579907093122044898e+03 6.840777830327785125e+01 2.237526205753498712e-02 1.174090200623834901e-01 8.127201072398496096e-02 2.202784283110166592e-09 9.756646442289683696e-01
2.579317541679837632e+03 6.842649106207352361e+01 2.236865178044192617e-02 1.174866066077940030e-01 8.253645468778091077e-02 2.206219295715714427e-09 9.748010838526417476e-01
2.576849719860748792e+03 6.842649106207352361e+01 2.236865178044192617e-02 1.174866066077940030e-01 8.253645468778091077e-02 2.206219295715714427e-09 9.748010838526417476e-01
2.576849719860748792e+03 6.842649106207352361e+01 2.236865178044192617e-02 1.174866066077940030e-01 8.253645468778091077e-02 2.206219295715714427e-09 9.748010838526417476e-01
2.576849719860748792e+03 6.842414073134398222e+01 2.233674926806935787e-02 1.174397796678064154e-01 8.212021985791724543e-02 2.205064174911276112e-09 9.739307417374297726e-01
2.576919752704167877e+03 6.842414073134398222e+01 2.233674926806935787e-02 1.174397796678064154e-01 8.212021985791724543e-02 2.205064174911276112e-09 9.739307417374297726e-01
2.576919752704167877e+03 6.842414073134398222e+01 2.233674926806935787e-02 1.174397796678064154e-01 8.212021985791724543e-02 2.205064174911276112e-09 9.739307417374297726e-01
2.576919752704167877e+03 6.845865918837263564e+01 2.234937892292614137e-02 1.174768034080752171e-01 8.331302743389647214e-02 2.207494862683114930e-09 9.737546372627834401e-01
2.578124745135614830e+03 6.834292156155099462e+01 2.235385892718726175e-02 1.173867639497796073e-01 8.244081593289336041e-02 2.208348305942342690e-09 9.736667653675726841e-01
2.577788957113790275e+03 6.831839665855868304e+01 2.236689706974830452e-02 1.175749832400366096e-01 8.308212354335640926e-02 2.211079580918375590e-09 9.734011171565790654e-01
2.576845244557153819e+03 6.831839665855868304e+01 2.236689706974830452e-02 1.175749832400366096e-01 8.308212354335640926e-02 2.211079580918375590e-09 9.734011171565790654e-01
2.576845244557153819e+03 6.831591579575065509e+01 2.238689755798963649e-02 1.176199764788937452e-01 8.316961899324901153e-02 2.208086701526590105e-09 9.731789290459177399e-01
2.576433268310108360e+03 6.826139259917631819e+01 2.237917959138872870e-02 1.176045719161956798e-01 8.287033578931908562e-02 2.204870784738452665e-09 9.727115061400206653e-01
2.577299783136827045e+03 6.826139259917631819e+01 2.237917959138872870e-02 1.176045719161956798e-01 8.287033578931908562e-02 2.204870784738452665e-09 9.727115061400206653e-01
2.577299783136827045e+03 6.826139259917631819e+01 2.237917959138872870e-02 1.176045719161956798e-01 8.287033578931908562e-02 2.204870784738452665e-09 9.727115061400206653e-01
2.577299783136827045e+03 6.826139259917631819e+01 2.237917959138872870e-02 1.176045719161956798e-01 8.287033578931908562e-02 2.204870784738452665e-09 9.727115061400206653e-01
2.577299783136827045e+03 6.826139259917631819e+01 2.237917959138872870e-02 1.176045719161956798e-01 8.287033578931908562e-02 2.204870784738452665e-09 9.727115061400206653e-01
2.577299783136827045e+03 6.826139259917631819e+01 2.237917959138872870e-02 1.176045719161956798e-01 8.287033578931908562e-02 2.204870784738452665e-09 9.727115061400206653e-01
2.577299783136827045e+03 6.830035814329474420e+01 2.236711966410686106e-02 1.174818614836664332e-01 8.351122625826125356e-02 2.208862622362761027e-09 9.727185348704721068e-01
2.576506238441681489e+03 6.827465914489168597e+01 2.236240406668322037e-02 1.174047925414596349e-01 8.311481990190594527e-02 2.210171239424614584e-09 9.722660318164172422e-01
2.576849590936332788e+03 6.827465914489168597e+01 2.236240406668322037e-02 1.174047925414596349e-01 8.311481990190594527e-02 2.210171239424614584e-09 9.722660318164172422e-01
2.576849590936332788e+03 6.827465914489168597e+01 2.236240406668322037e-02 1.174047925414596349e-01 8.311481990190594527e-02 2.210171239424614584e-09 9.722660318164172422e-01
2.576849590936332788e+03 6.827465914489168597e+01 2.236240406668322037e-02 1.174047925414596349e-01 8.311481990190594527e-02 2.210171239424614584e-09 9.722660318164172422e-01
2.576849590936332788e+03 6.827465914489168597e+01 2.236240406668322037e-02 1.174047925414596349e-01 8.311481990190594527e-02 2.210171239424614584e-09 9.722660318164172422e-01
2.576849590936332788e+03 6.827465914489168597e+01 2.236240406668322037e-02 1.174047925414596349e-01 8.311481990190594527e-02 2.210171239424614584e-09 9.722660318164172422e-01
2.576849590936332788e+03 6.826069912585636246e+01 2.237598296329735767e-02 1.172963860065205088e-01 8.305114533880485206e-02 2.207145987538487821e-09 9.721135063737934567e-01
2.577049116365155442e+03 6.826069912585636246e+01 2.237598296329735767e-02 1.172963860065205088e-01 8.305114533880485206e-02 2.207145987538487821e-09 9.721135063737934567e-01
2.577049116365155442e+03 6.826069912585636246e+01 2.237598296329735767e-02 1.172963860065205088e-01 8.305114533880485206e-02 2.207145987538487821e-09 9.721135063737934567e-01
2.577049116365155442e+03 6.839485226932605144e+01 2.239019372412388159e-02 1.174697791044921613e-01 8.201256344044825786e-02 2.207430493796506316e-09 9.720708236747958031e-01
2.577116404896762106e+03 6.832359998878628460e+01 2.242064015433151494e-02 1.174811272890182307e-01 8.230737492933458410e-02 2.204124492652362884e-09 9.719328325567111460e-01
2.576842178354262614e+03 6.832359998878628460e+01 2.242064015433151494e-02 1.174811272890182307e-01 8.230737492933458410e-02 2.204124492652362884e-09 9.719328325567111460e-01
2.576842178354262614e+03 6.832359998878628460e+01 2.242064015433151494e-02 1.174811272890182307e-01 8.230737492933458410e-02 2.204124492652362884e-09 9.719328325567111460e-01
2.576842178354262614e+03 6.832359998878628460e+01 2.242064015433151494e-02 1.174811272890182307e-01 8.230737492933458410e-02 2.204124492652362884e-09 9.719328325567111460e-01
2.576842178354262614e+03 6.832359998878628460e+01 2.242064015433151494e-02 1.174811272890182307e-01 8.230737492933458410e-02 2.204124492652362884e-09 9.719328325567111460e-01
2.576842178354262614e+03 6.834648979905853139e+01 2.242265377561082976e-02 1.175880315548500088e-01 8.285106629172403481e-02 2.209111124744721291e-09 9.720696303545203198e-01
2.576415815134077548e+03 6.839172393201744171e+01 2.241008752098398726e-02 1.177625870418009396e-01 8.308018152798779532e-02 2.212358502068047005e-09 9.721499895423387771e-01
2.577193741296536700e+03 6.838119352880434576e+01 2.245306174486066259e-02 1.177258319107057638e-01 8.228397944042899204e-02 2.209167076907656369e-09 9.719048429899997954e-01
2.576922648827558078e+03 6.838119352880434576e+01 2.245306174486066259e-02 1.177258319107057638e-01 8.228397944042899204e-02 2.209167076907656369e-09 9.719048429899997954e-01
2.576922648827558078e+03 6.838119352880434576e+01 2.245306174486066259e-02 1.177258319107057638e-01 8.228397944042899204e-02 2.209167076907656369e-09 9.719048429899997954e-01
2.576922648827558078e+03 6.830996055578467008e+01 2.243387017723325744e-02 1.177537426085352723e-01 8.195290215783339327e-02 2.207730198391511986e-09 9.718393142951899932e-01
2.576773389093288642e+03 6.830996055578467008e+01 2.243387017723325744e-02 1.177537426085352723e-01 8.195290215783339327e-02 2.207730198391511986e-09 9.718393142951899932e-01
2.576773389093288642e+03 6.820607285153457156e+01 2.242282854092647257e-02 1.177193466060156152e-01 8.306318109043669962e-02 2.211363769690103137e-09 9.717664750158213627e-01
2.576867651156928787e+03 6.820607285153457156e+01 2.242282854092647257e-02 1.177193466060156152e-01 8.306318109043669962e-02 2.211363769690103137e-09 9.717664750158213627e-01
2.576867651156928787e+03 6.820607285153457156e+01 2.242282854092647257e-02 1.177193466060156152e-01 8.306318109043669962e-02 2.211363769690103137e-09 9.717664750158213627e-01
2.576867651156928787e+03 6.820647183365204569e+01 2.240002377323207713e-02 1.177409159251669724e-01 8.260874988660683871e-02 2.209244716913672139e-09 9.717799848038071175e-01
2.576523559431976992e+03 6.818682095031115864e+01 2.239461614501766368e-02 1.178036975579939832e-01 8.417994951205284848e-02 2.211622338964070786e-09 9.719291298138661439e-01
2.577673119345924533e+03 6.818682095031115864e+01 2.239461614501766368e-02 1.178036975579939832e-01 8.417994951205284848e-02 2.211622338964070786e-09 9.719291298138661439e-01
2.577673119345924533e+03 6.821172003090306646e+01 2.239979247996817802e-02 1.176387790132480127e-01 8.465235337646448421e-02 2.212817202961281935e-09 9.719762428743162763e-01
2.577764654127937320e+03 6.818375274796049723e+01 2.238802762565593116e-02 1.177621276393850253e-01 8.453793127191563950e-02 2.212332687578351146e-09 9.717047226257002901e-01
2.578456452542710394e+03 6.827895171291127951e+01 2.238664132620279967e-02 1.176016732505220652e-01 8.287430484368898953e-02 2.206354325598621996e-09 9.711977748555901124e-01
2.577930431701179259e+03 6.823441371285832702e+01 2.235790673164412407e-02 1.175686880820912689e-01 8.221000271000464266e-02 2.209598613466587504e-09 9.715532853233744826e-01
2.578014532075798343e+03 6.820941616320777712e+01 2.237801909498877279e-02 1.175803364562053172e-01 8.476395705291807359e-02 2.212201382157530867e-09 9.715582730552521085e-01
2.579002387408902905e+03 6.820941616320777712e+01 2.237801909498877279e-02 1.175803364562053172e-01 8.476395705291807359e-02 2.212201382157530867e-09 9.715582730552521085e-01
2.579002387408902905e+03 6.820941616320777712e+01 2.237801909498877279e-02 1.175803364562053172e-01 8.476395705291807359e-02 2.212201382157530867e-09 9.715582730552521085e-01
2.579002387408902905e+03 6.823382499136241108e+01 2.238391488405067770e-02 1.175522900233203910e-01 8.490188955083319278e-02 2.213437180659343609e-09 9.717075423102805587e-01
2.578218556433408139e+03 6.824811801009555268e+01 2.234212228924395069e-02 1.174219512706067142e-01 8.442105009857606146e-02 2.214612312139329173e-09 9.721215028182724760e-01
2.576546317616555370e+03 6.824811801009555268e+01 2.234212228924395069e-02 1.174219512706067142e-01 8.442105009857606146e-02 2.214612312139329173e-09 9.721215028182724760e-01
2.576546317616555370e+03 6.824811801009555268e+01 2.234212228924395069e-02 1.174219512706067142e-01 8.442105009857606146e-02 2.214612312139329173e-09 9.721215028182724760e-01
2.576546317616555370e+03 6.822151510679282183e+01 2.233959230933252327e-02 1.175425934200152178e-01 8.374634828537591558e-02 2.213436446838951070e-09 9.719618673102100592e-01
2.576634830266863901e+03 6.822151510679282183e+01 2.233959230933252327e-02 1.175425934200152178e-01 8.374634828537591558e-02 2.213436446838951070e-09 9.719618673102100592e-01
2.576634830266863901e+03 6.818359645657614010e+01 2.234261803554355927e-02 1.176306433039491228e-01 8.350752928892601901e-02 2.214644427416650222e-09 9.719382957901451237e-01
2.577662070333424708e+03 6.815030081393683759e+01 2.235444566907233283e-02 1.177479280508182818e-01 8.398119987465915703e-02 2.214092120940162820e-09 9.719656486576790932e-01
2.576325395672862669e+03 6.813766092826354281e+01 2.230433335966136923e-02 1.176930444499430378e-01 8.416859661085897282e-02 2.214058023709795004e-09 9.722284100701755749e-01
2.576343687302527542e+03 6.811554555054536308e+01 2.233334901986861951e-02 1.176441778856511244e-01 8.483173156777218393e-02 2.213547501134696691e-09 9.717012813669793081e-01
2.577847908173283486e+03 6.811554555054536308e+01 2.233334901986861951e-02 1.176441778856511244e-01 8.483173156777218393e-02 2.213547501134696691e-09 9.717012813669793081e-01
2.577847908173283486e+03 6.812976535289374169e+01 2.235988163586593094e-02 1.176441217364056491e-01 8.465242672889547459e-02 2.219426103442821719e-09 9.718281761850194878e-01
2.578227933455017592e+03 6.812364173401984146e+01 2.237907882183525973e-02 1.175698063586646663e-01 8.522162801498679718e-02 2.217961756765107186e-09 9.718361349010750105e-01
2.577391767680643170e+03 6.825747161710965827e+01 2.240733212184030029e-02 1.175434899014295986e-01 8.508887258798993047e-02 2.219508661186204448e-09 9.717930816435633723e-01
2.576832175453545460e+03 6.825747161710965827e+01 2.240733212184030029e-02 1.175434899014295986e-01 8.508887258798993047e-02 2.219508661186204448e-09 9.717930816435633723e-01
2.576832175453545460e+03 6.825747161710965827e+01 2.240733212184030029e-02 1.175434899014295986e-01 8.508887258798993047e-02 2.219508661186204448e-09 9.717930816435633723e-01
2.576832175453545460e+03 6.820804735198940705e+01 2.246355378388163043e-02 1.173544842764629170e-01 8.506148438462310390e-02 2.217047093496862172e-09 9.721530368655848520e-01
2.579508789190584594e+03 6.823145501516518152e+01 2.246699185575430982e-02 1.174163744495771849e-01 8.626034195049951669e-02 2.220901908315579529e-09 9.724524158733489632e-01
2.578306101869009581e+03 6.823145501516518152e+01 2.246699185575430982e-02 1.174163744495771849e-01 8.626034195049951669e-02 2.220901908315579529e-09 9.724524158733489632e-01
2.578306101869009581e+03 6.823145501516518152e+01 2.246699185575430982e-02 1.174163744495771849e-01 8.626034195049951669e-02 2.220901908315579529e-09 9.724524158733489632e-01
2.578306101869009581e+03 6.823145501516518152e+01 2.246699185575430982e-02 1.174163744495771849e-01 8.626034195049951669e-02 2.220901908315579529e-09 9.724524158733489632e-01
2.578306101869009581e+03 6.823145501516518152e+01 2.246699185575430982e-02 1.174163744495771849e-01 8.626034195049951669e-02 2.220901908315579529e-09 9.724524158733489632e-01
2.578306101869009581e+03 6.823145501516518152e+01 2.246699185575430982e-02 1.174163744495771849e-01 8.626034195049951669e-02 2.220901908315579529e-09 9.724524158733489632e-01
2.578306101869009581e+03 6.823145501516518152e+01 2.246699185575430982e-02 1.174163744495771849e-01 8.626034195049951669e-02 2.220901908315579529e-09 9.724524158733489632e-01
2.578306101869009581e+03 6.820686983536198511e+01 2.246581227282839696e-02 1.174612826113572150e-01 8.727104510542312010e-02 2.221164671429651955e-09 9.727325970319892212e-01
2.580114259258945367e+03 6.820686983536198511e+01 2.246581227282839696e-02 1.174612826113572150e-01 8.727104510542312010e-02 2.221164671429651955e-09 9.727325970319892212e-01
2.580114259258945367e+03 6.829127928565876005e+01 2.246324726601554161e-02 1.174746684416143883e-01 8.732896796773309545e-02 2.219918996718589000e-09 9.733529634735776925e-01
2.580851580400677449e+03 6.819418562523945582e+01 2.246461206515247208e-02 1.174746724463518049e-01 8.730919860223401718e-02 2.222430418249997626e-09 9.733320037027538563e-01
2.579192094106661898e+03 6.813400070058821711e+01 2.246897889782398239e-02 1.174697560270816787e-01 8.645924386918908688e-02 2.220776073966900060e-09 9.732079122556259732e-01
2.580234686183845497e+03 6.813400070058821711e+01 2.246897889782398239e-02 1.174697560270816787e-01 8.645924386918908688e-02 2.220776073966900060e-09 9.732079122556259732e-01
2.580234686183845497e+03 6.817547309114826248e+01 2.246869821194958858e-02 1.172965311601368993e-01 8.596637317044152071e-02 2.221301617014236934e-09 9.730301048214886617e-01
2.582364063078846357e+03 6.820495481428307016e+01 2.247720498878007928e-02 1.174400854304404468e-01 8.649142789110315921e-02 2.227363165735197286e-09 9.729698923242536823e-01
2.583350550846642363e+03 6.827332040909288935e+01 2.246520616985073909e-02 1.175952071975580743e-01 8.650637374859403150e-02 2.229709498128570858e-09 9.727384829272192057e-01
2.581233103721780026e+03 6.827332040909288935e+01 2.246520616985073909e-02 1.175952071975580743e-01 8.650637374859403150e-02 2.229709498128570858e-09 9.727384829272192057e-01
2.581233103721780026e+03 6.829357133587865292e+01 2.244444799232206411e-02 1.176787385003765091e-01 8.661620864808038112e-02 2.230934791711919249e-09 9.721787473555322245e-01
2.579655566005249511e+03 6.829357133587865292e+01 2.244444799232206411e-02 1.176787385003765091e-01 8.661620864808038112e-02 2.230934791711919249e-09 9.721787473555322245e-01
2.579655566005249511e+03 6.829357133587865292e+01 2.244444799232206411e-02 1.176787385003765091e-01 8.661620864808038112e-02 2.230934791711919249e-09 9.721787473555322245e-01
2.579655566005249511e+03 6.823837961072185010e+01 2.243124529004193735e-02 1.176372086155011015e-01 8.713300224087491830e-02 2.227155280252696289e-09 9.721685398452596383e-01
2.576628859518590616e+03 6.824702912913731723e+01 2.246337381972144179e-02 1.175487461598574146e-01 8.687420618426273944e-02 2.226634900597622796e-09 9.726012069555867168e-01
2.577769032529386095e+03 6.834801126008900951e+01 2.245332955258628679e-02 1.174002920867827510e-01 8.650676772030828354e-02 2.223564249383951275e-09 9.726386498226152755e-01
2.576739288818861041e+03 6.834801126008900951e+01 2.245332955258628679e-02 1.174002920867827510e-01 8.650676772030828354e-02 2.223564249383951275e-09 9.726386498226152755e-01
2.576739288818861041e+03 6.834801126008900951e+01 2.245332955258628679e-02 1.174002920867827510e-01 8.650676772030828354e-02 2.223564249383951275e-09 9.726386498226152755e-01
2.576739288818861041e+03 6.826769360817029053e+01 2.242820664092307764e-02 1.173897284117663559e-01 8.686695043223137402e-02 2.222431477597298528e-09 9.731540574215515882e-01
2.577230671902319500e+03 6.822232971073373164e+01 2.243030690475858804e-02 1.174466465228825446e-01 8.608372029057297092e-02 2.220830804242182039e-09 9.726233979347813641e-01
2.577523919495537484e+03 6.830136192476142298e+01 2.241927623309685619e-02 1.175278783407381067e-01 8.626844327092050846e-02 2.219811307433342366e-09 9.724148270977956976e-01
2.577433518724135411e+03 6.838184352585589920e+01 2.240782677238393680e-02 1.175008330394897160e-01 8.538960494927903822e-02 2.222268314478098312e-09 9.727663697592887626e-01
2.577202348957589493e+03 6.839337391619456241e+01 2.241875368438600927e-02 1.174579509741752736e-01 8.515093250075077280e-02 2.217210342256398477e-09 9.726159758658025067e-01
2.576442818519260527e+03 6.840132851124323565e+01 2.244863892392973473e-02 1.175309030993206133e-01 8.534169449646215877e-02 2.216762449180421653e-09 9.727858607880283115e-01
2.577087165228840149e+03 6.840132851124323565e+01 2.244863892392973473e-02 1.175309030993206133e-01 8.534169449646215877e-02 2.216762449180421653e-09 9.727858607880283115e-01
2.577087165228840149e+03 6.840132851124323565e+01 2.244863892392973473e-02 1.175309030993206133e-01 8.534169449646215877e-02 2.216762449180421653e-09 9.727858607880283115e-01
2.577087165228840149e+03 6.840132851124323565e+01 2.244863892392973473e-02 1.175309030993206133e-01 8.534169449646215877e-02 2.216762449180421653e-09 9.727858607880283115e-01
2.577087165228840149e+03 6.839553146117907545e+01 2.248051729780994532e-02 1.174052500562985657e-01 8.445105235788837039e-02 2.213995280469190565e-09 9.728632392022070752e-01
2.576709841985957155e+03 6.845987770080573398e+01 2.246373538648235163e-02 1.173106782062442455e-01 8.387887274797646564e-02 2.211846580064825766e-09 9.732401438824701545e-01
2.576473632258390353e+03 6.845987770080573398e+01 2.246373538648235163e-02 1.173106782062442455e-01 8.387887274797646564e-02 2.211846580064825766e-09 9.732401438824701545e-01
2.576473632258390353e+03 6.843315533324459921e+01 2.246686988297648749e-02 1.175513769072047132e-01 8.448383710229588617e-02 2.215772496559730253e-09 9.733464869349428561e-01
2.576506786582792756e+03 6.843315533324459921e+01 2.246686988297648749e-02 1.175513769072047132e-01 8.448383710229588617e-02 2.215772496559730253e-09 9.733464869349428561e-01
2.576506786582792756e+03 6.844740279127282179e+01 2.245305817941792639e-02 1.174733861332855622e-01 8.607579844614665632e-02 2.218251564542752455e-09 9.734302557490414065e-01
2.577859163935756897e+03 6.844740279127282179e+01 2.245305817941792639e-02 1.174733861332855622e-01 8.607579844614665632e-02 2.218251564542752455e-09 9.734302557490414065e-01
2.577859163935756897e+03 6.840955691670846761e+01 2.246200748239137596e-02 1.175505688465780241e-01 8.569730537701228390e-02 2.223404890369348202e-09 9.734404595266287208e-01
2.577477200884388367e+03 6.840955691670846761e+01 2.246200748239137596e-02 1.175505688465780241e-01 8.569730537701228390e-02 2.223404890369348202e-09 9.734404595266287208e-01
2.577477200884388367e+03 6.838466203232353280e+01 2.244825398377485806e-02 1.175556545496740241e-01 8.578810745032088014e-02 2.224708362799134522e-09 9.731925239693745011e-01
2.577991333296298762e+03 6.838571991783392434e+01 2.247104028251295862e-02 1.175258204647401938e-01 8.566554987174686275e-02 2.227311790787858252e-09 9.735122795056787570e-01
2.583143186794479334e+03 6.837875933743147527e+01 2.250308749357404076e-02 1.175824616793198635e-01 8.613401545088934796e-02 2.225333430926693733e-09 9.731636565299581765e-01
2.577934008302368966e+03 6.833995616667552042e+01 2.252075789381589865e-02 1.175433439442796352e-01 8.692479541969931611e-02 2.225807298000360928e-09 9.729734763586538326e-01
2.577498931754403202e+03 6.838885733433875203e+01 2.251500544712092822e-02 1.175011950332852245e-01 8.679417076598212877e-02 2.219562751053458953e-09 9.725910919995142123e-01
2.580350400401067418e+03 6.838885733433875203e+01 2.251500544712092822e-02 1.175011950332852245e-01 8.679417076598212877e-02 2.219562751053458953e-09 9.725910919995142123e-01
2.580350400401067418e+03 6.838885733433875203e+01 2.251500544712092822e-02 1.175011950332852245e-01 8.679417076598212877e-02 2.219562751053458953e-09 9.725910919995142123e-01
2.580350400401067418e+03 6.835264576131932301e+01 2.252945667198254925e-02 1.173655742156771431e-01 8.676460566365044869e-02 2.222737679529017135e-09 9.726643010697311187e-01
2.578228441418018065e+03 6.835264576131932301e+01 2.252945667198254925e-02 1.173655742156771431e-01 8.676460566365044869e-02 2.222737679529017135e-09 9.726643010697311187e-01
2.578228441418018065e+03 6.835264576131932301e+01 2.252945667198254925e-02 1.173655742156771431e-01 8.676460566365044869e-02 2.222737679529017135e-09 9.726643010697311187e-01
2.578228441418018065e+03 6.835264576131932301e+01 2.252945667198254925e-02 1.173655742156771431e-01 8.676460566365044869e-02 2.222737679529017135e-09 9.726643010697311187e-01
2.578228441418018065e+03 6.835264576131932301e+01 2.252945667198254925e-02 1.173655742156771431e-01 8.676460566365044869e-02 2.222737679529017135e-09 9.726643010697311187e-01
2.578228441418018065e+03 6.835264576131932301e+01 2.252945667198254925e-02 1.173655742156771431e-01 8.676460566365044869e-02 2.222737679529017135e-09 9.726643010697311187e-01
2.578228441418018065e+03 6.835264576131932301e+01 2.252945667198254925e-02 1.173655742156771431e-01 8.676460566365044869e-02 2.222737679529017135e-09 9.726643010697311187e-01
2.578228441418018065e+03 6.838703117980817581e+01 2.252137702345734932e-02 1.174689783317061087e-01 8.547918441226617925e-02 2.216928628177724846e-09 9.722653887017822516e-01
2.577853875970400622e+03 6.838703117980817581e+01 2.252137702345734932e-02 1.174689783317061087e-01 8.547918441226617925e-02 2.216928628177724846e-09 9.722653887017822516e-01
2.577853875970400622e+03 6.840014836829828937e+01 2.251976963784341201e-02 1.174383041734315403e-01 8.612520169874975096e-02 2.219862481644374372e-09 9.721711173589864252e-01
2.577808872287781014e+03 6.840014836829828937e+01 2.251976963784341201e-02 1.174383041734315403e-01 8.612520169874975096e-02 2.219862481644374372e-09 9.721711173589864252e-01
2.577808872287781014e+03 6.840014836829828937e+01 2.251976963784341201e-02 1.174383041734315403e-01 8.612520169874975096e-02 2.219862481644374372e-09 9.721711173589864252e-01
2.577808872287781014e+03 6.843469335269341514e+01 2.252632002288324636e-02 1.173270806789223075e-01 8.594133366625718307e-02 2.217894775933957172e-09 9.722501890860909546e-01
2.578302403742943170e+03 6.843526018782731057e+01 2.253400928534151498e-02 1.172583728268817987e-01 8.620886933537968977e-02 2.219138044944780036e-09 9.724997267999104800e-01
2.578178356971844096e+03 6.847502207376679451e+01 2.251882404573697996e-02 1.173069675934209216e-01 8.583930920310887946e-02 2.223666889434518691e-09 9.729680438341723470e-01
2.578515766578548664e+03 6.846748290338928200e+01 2.250946701841563188e-02 1.174007445862026988e-01 8.679532918786510287e-02 2.224034133398874605e-09 9.731685315164388950e-01
2.576758291728512631e+03 6.846748290338928200e+01 2.250946701841563188e-02 1.174007445862026988e-01 8.679532918786510287e-02 2.224034133398874605e-09 9.731685315164388950e-01
2.576758291728512631e+03 6.846748290338928200e+01 2.250946701841563188e-02 1.174007445862026988e-01 8.679532918786510287e-02 2.224034133398874605e-09 9.731685315164388950e-01
2.576758291728512631e+03 6.852479838342968321e+01 2.249220806205739359e-02 1.174666970696056495e-01 8.631745506168052307e-02 2.222792198485966049e-09 9.736239913261947043e-01
2.576755280441429932e+03 6.847536667863404602e+01 2.248013668562259468e-02 1.174638664298297275e-01 8.573733394769282590e-02 2.222180461691396432e-09 9.732067899119720700e-01
2.576778846738187440e+03 6.848137356472139459e+01 2.247550265022165566e-02 1.174700827800279623e-01 8.507171025234301631e-02 2.222221458539051071e-09 9.733832532011310601e-01
2.578807560320299217e+03 6.844668020311709711e+01 2.248456134587443686e-02 1.174152030111681733e-01 8.615983530731555207e-02 2.226539689498967304e-09 9.730789704634636994e-01
2.578843868693601507e+03 6.853226700946744643e+01 2.244832642396252242e-02 1.174709432995089259e-01 8.607072734082188425e-02 2.224778557562066752e-09 9.725462786057669229e-01
2.577292773491572916e+03 6.851648812914481823e+01 2.246406949784539309e-02 1.174888375112212308e-01 8.635516028718473458e-02 2.225974472708481501e-09 9.727073597208373279e-01
2.577094557101278042e+03 6.847161819201595279e+01 2.245193148658560303e-02 1.173560065456050183e-01 8.613524736353564415e-02 2.225759097381705455e-09 9.729267089574775706e-01
2.577878858976106585e+03 6.847161819201595279e+01 2.245193148658560303e-02 1.173560065456050183e-01 8.613524736353564415e-02 2.225759097381705455e-09 9.729267089574775706e-01
2.577878858976106585e+03 6.852802181826007200e+01 2.246261062213410556e-02 1.173198552170461317e-01 8.577794424840808063e-02 2.225697680597727619e-09 9.727766913844548835e-01
2.579093690555708235e+03 6.863905163303682855e+01 2.244387304850413781e-02 1.173365978090877976e-01 8.703616044634929216e-02 2.222876409215484136e-09 9.727534172128717849e-01
2.581020755679443937e+03 6.860282027534353233e+01 2.244355009632432660e-02 1.173258253561419717e-01 8.619100876989049809e-02 2.220578415345964434e-09 9.724266546909885456e-01
2.579057601502850048e+03 6.860282027534353233e+01 2.244355009632432660e-02 1.173258253561419717e-01 8.619100876989049809e-02 2.220578415345964434e-09 9.724266546909885456e-01
2.579057601502850048e+03 6.843527379503908037e+01 2.247731715710252556e-02 1.173285747957347191e-01 8.545456922148919610e-02 2.219454642610606222e-09 9.725839119355251805e-01
2.576737507840885883e+03 6.843527379503908037e+01 2.247731715710252556e-02 1.173285747957347191e-01 8.545456922148919610e-02 2.219454642610606222e-09 9.725839119355251805e-01
2.576737507840885883e+03 6.839032867181036579e+01 2.248313061194909257e-02 1.174695172020912004e-01 8.569991979152279116e-02 2.219813318221523129e-09 9.728588659450199128e-01
2.576645870966935945e+03 6.839032867181036579e+01 2.248313061194909257e-02 1.174695172020912004e-01 8.569991979152279116e-02 2.219813318221523129e-09 9.728588659450199128e-01
2.576645870966935945e+03 6.842368242387910016e+01 2.245210668699693449e-02 1.175374516844117645e-01 8.534078733774132230e-02 2.221234577769653396e-09 9.733371289968926199e-01
2.576964066297398404e+03 6.843380061238747203e+01 2.244502851038179814e-02 1.176070534575471976e-01 8.532164648857490374e-02 2.218109567254951767e-09 9.732124945992914888e-01
2.576869389001808486e+03 6.850553071936840865e+01 2.243981828926007102e-02 1.175762294126957569e-01 8.527971458976417451e-02 2.220488254788124545e-09 9.731236065236084087e-01
2.577213887675022306e+03 6.850553071936840865e+01 2.243981828926007102e-02 1.175762294126957569e-01 8.527971458976417451e-02 2.220488254788124545e-09 9.731236065236084087e-01
2.577213887675022306e+03 6.850553071936840865e+01 2.243981828926007102e-02 1.175762294126957569e-01 8.527971458976417451e-02 2.220488254788124545e-09 9.731236065236084087e-01
2.577213887675022306e+03 6.859307805880676767e+01 2.243339769668272268e-02 1.176868329321676537e-01 8.491558926370769422e-02 2.216059681319040525e-09 9.729032882162921281e-01
2.582061429964295712e+03 6.854268303515193850e+01 2.243694243372288538e-02 1.176933953180522713e-01 8.428530348392343496e-02 2.216918590803447516e-09 9.726282356845846744e-01
2.578724528427143923e+03 6.854268303515193850e+01 2.243694243372288538e-02 1.176933953180522713e-01 8.428530348392343496e-02 2.216918590803447516e-09 9.726282356845846744e-01
2.578724528427143923e+03 6.843745291835345768e+01 2.246074798608439435e-02 1.178835033558573303e-01 8.443400044484630773e-02 2.219182746008309911e-09 9.726169472853047893e-01
2.577768461082151134e+03 6.843745291835345768e+01 2.246074798608439435e-02 1.178835033558573303e-01 8.443400044484630773e-02 2.219182746008309911e-09 9.726169472853047893e-01
2.577768461082151134e+03 6.843745291835345768e+01 2.246074798608439435e-02 1.178835033558573303e-01 8.443400044484630773e-02 2.219182746008309911e-09 9.726169472853047893e-01
2.577768461082151134e+03 6.842936222462131468e+01 2.244937087119412353e-02 1.179416034589865492e-01 8.378996240352137859e-02 2.214946271823667951e-09 9.722772973942560570e-01
2.578339315827844075e+03 6.842936222462131468e+01 2.244937087119412353e-02 1.179416034589865492e-01 8.378996240352137859e-02 2.214946271823667951e-09 9.722772973942560570e-01
2.578339315827844075e+03 6.837957907347785635e+01 2.244225638369656481e-02 1.180759866624424004e-01 8.388978626301703267e-02 2.213389364808949722e-09 9.723353675105305127e-01
2.579833493647372961e+03 6.836559475994585000e+01 2.245215060695410908e-02 1.180901111226083655e-01 8.451475898699153944e-02 2.212234534083368033e-09 9.722711345747090395e-01
2.584498293441570240e+03 6.838654924186855055e+01 2.242502566668092348e-02 1.181493226147544290e-01 8.316243758077430936e-02 2.215345971989520586e-09 9.722056797691879249e-01
2.579206169588480407e+03 6.838654924186855055e+01 2.242502566668092348e-02 1.181493226147544290e-01 8.316243758077430936e-02 2.215345971989520586e-09 9.722056797691879249e-01
2.579206169588480407e+03 6.838654924186855055e+01 2.242502566668092348e-02 1.181493226147544290e-01 8.316243758077430936e-02 2.215345971989520586e-09 9.722056797691879249e-01
2.579206169588480407e+03 6.830023340939551701e+01 2.241060578574956969e-02 1.179672231993938863e-01 8.431834145348710008e-02 2.215096370910479864e-09 9.719285859803696859e-01
2.577986542907926832e+03 6.833544707241580340e+01 2.239954842378304514e-02 1.179479983220402678e-01 8.437441102763763856e-02 2.215235816932014286e-09 9.723444277046510154e-01
2.578348438482736583e+03 6.833544707241580340e+01 2.239954842378304514e-02 1.179479983220402678e-01 8.437441102763763856e-02 2.215235816932014286e-09 9.723444277046510154e-01
2.578348438482736583e+03 6.833544707241580340e+01 2.239954842378304514e-02 1.179479983220402678e-01 8.437441102763763856e-02 2.215235816932014286e-09 9.723444277046510154e-01
2.578348438482736583e+03 6.829859452056457769e+01 2.237573153689094083e-02 1.178066406893253787e-01 8.491402477408717397e-02 2.213805255901568021e-09 9.723637610542549270e-01
2.580016174646802028e+03 6.829956929834466450e+01 2.238339135936990090e-02 1.178962695477084183e-01 8.357418302570669699e-02 2.215386831509880773e-09 9.726469885297411855e-01
2.577114336725641806e+03 6.829956929834466450e+01 2.238339135936990090e-02 1.178962695477084183e-01 8.357418302570669699e-02 2.215386831509880773e-09 9.726469885297411855e-01
2.577114336725641806e+03 6.829956929834466450e+01 2.238339135936990090e-02 1.178962695477084183e-01 8.357418302570669699e-02 2.215386831509880773e-09 9.726469885297411855e-01
2.577114336725641806e+03 6.820143695588663491e+01 2.238868515805996634e-02 1.177543259023811351e-01 8.347093883079935439e-02 2.215289700514035692e-09 9.731081644889718607e-01
2.578713210880552651e+03 6.819504514032853137e+01 2.239111592250814242e-02 1.177633843926072094e-01 8.481145623761268681e-02 2.216321793349116539e-09 9.729236603966712194e-01
2.576277867519849224e+03 6.810521784143507773e+01 2.240261500817052401e-02 1.176522765928037229e-01 8.519230262477339721e-02 2.216769888502741997e-09 9.731237812502191442e-01
2.577724703865616448e+03 6.817886912261073462e+01 2.243028891731859917e-02 1.176463703129100452e-01 8.546050148594272478e-02 2.213386198753265081e-09 9.735052452480399410e-01
2.579232182050598567e+03 6.813217877294704294e+01 2.243639693796709716e-02 1.177306048578137393e-01 8.499521579593072307e-02 2.212375563209505275e-09 9.739173045869842227e-01
2.578738312187429528e+03 6.813513281815745870e+01 2.243563593162183761e-02 1.176982890998425069e-01 8.485052879330724773e-02 2.214230896483220524e-09 9.738080744102339814e-01
2.577939085931590853e+03 6.820502256029470800e+01 2.241597551089105633e-02 1.177058253603877336e-01 8.536944887632240409e-02 2.215749574803783860e-09 9.741827692106916903e-01
2.577127569955861418e+03 6.820502256029470800e+01 2.241597551089105633e-02 1.177058253603877336e-01 8.536944887632240409e-02 2.215749574803783860e-09 9.741827692106916903e-01
2.577127569955861418e+03 6.813285327085895915e+01 2.244361227344193396e-02 1.175338685668915750e-01 8.664496598325450993e-02 2.220099213333898738e-09 9.737372318984444108e-01
2.579241781806120798e+03 6.812504352204197744e+01 2.241785395398439643e-02 1.175312147813165481e-01 8.670019344128661321e-02 2.225392976817087940e-09 9.739420850036737409e-01
2.580652003945781871e+03 6.812504352204197744e+01 2.241785395398439643e-02 1.175312147813165481e-01 8.670019344128661321e-02 2.225392976817087940e-09 9.739420850036737409e-01
2.580652003945781871e+03 6.814130148363564388e+01 2.242461350711882212e-02 1.174897075560474430e-01 8.721736792528152205e-02 2.227198337302248008e-09 9.747100716821683886e-01
2.581717719547138586e+03 6.814130148363564388e+01 2.242461350711882212e-02 1.174897075560474430e-01 8.721736792528152205e-02 2.227198337302248008e-09 9.747100716821683886e-01
2.581717719547138586e+03 6.818328936225186965e+01 2.241452667490678383e-02 1.174827249071931506e-01 8.759757662556388880e-02 2.227142423211619563e-09 9.747664887861825500e-01
2.578961817352469552e+03 6.826325334467588846e+01 2.239500820038189954e-02 1.174446011389896627e-01 8.830768157112359185e-02 2.230202537367902765e-09 9.742758700360013568e-01
2.576906795504809452e+03 6.826325334467588846e+01 2.239500820038189954e-02 1.174446011389896627e-01 8.830768157112359185e-02 2.230202537367902765e-09 9.742758700360013568e-01
2.576906795504809452e+03 6.827298040910491750e+01 2.236541152418617187e-02 1.173640657531822284e-01 8.807442982454390112e-02 2.230427321854010544e-09 9.740146791930378578e-01
2.577163727069370907e+03 6.830922922652510465e+01 2.236282344850673565e-02 1.173763480741353282e-01 8.798980481576898494e-02 2.228936600183357931e-09 9.740547332935061142e-01
2.576357712771915430e+03 6.830922922652510465e+01 2.236282344850673565e-02 1.173763480741353282e-01 8.798980481576898494e-02 2.228936600183357931e-09 9.740547332935061142e-01
2.576357712771915430e+03 6.828354357314164247e+01 2.239886893999787007e-02 1.174740096368770137e-01 8.690382590685494235e-02 2.225848709293401190e-09 9.741669978005008668e-01
2.577207576495312424e+03 6.824695578256083195e+01 2.239403956210281668e-02 1.173493599695839690e-01 8.785781085711821814e-02 2.227498171555418767e-09 9.744996481979415481e-01
2.577640716244321538e+03 6.822096488465365383e+01 2.239115089121987076e-02 1.175070797499419006e-01 8.799927310672786551e-02 2.224971394453026955e-09 9.744259431811407302e-01
2.577743792371940799e+03 6.822096488465365383e+01 2.239115089121987076e-02 1.175070797499419006e-01 8.799927310672786551e-02 2.224971394453026955e-09 9.744259431811407302e-01
2.577743792371940799e+03 6.819546618863212473e+01 2.238868825121778650e-02 1.176005313160375793e-01 8.663710853366544951e-02 2.225593215310279082e-09 9.745337382080009325e-01
2.578578018260097906e+03 6.823096637784463780e+01 2.238565320610238357e-02 1.175892996596705209e-01 8.756710626236673123e-02 2.228007654870746866e-09 9.748344940114295198e-01
2.577291047825193345e+03 6.817163612270744011e+01 2.238773369508409786e-02 1.175467082214805975e-01 8.718689633466780720e-02 2.223606704337316702e-09 9.747581583249761428e-01
2.577607456960371564e+03 6.817163612270744011e+01 2.238773369508409786e-02 1.175467082214805975e-01 8.718689633466780720e-02 2.223606704337316702e-09 9.747581583249761428e-01
2.577607456960371564e+03 6.827069264986378982e+01 2.238156175986650426e-02 1.177015281121149698e-01 8.641466926782991054e-02 2.223119608384603729e-09 9.747061052624108601e-01
2.576603770898374933e+03 6.827629460837829356e+01 2.236946560960812944e-02 1.176312959478721248e-01 8.679603343631203671e-02 2.222989450727901799e-09 9.742075667394217708e-01
2.576449391580428710e+03 6.827629460837829356e+01 2.236946560960812944e-02 1.176312959478721248e-01 8.679603343631203671e-02 2.222989450727901799e-09 9.742075667394217708e-01
2.576449391580428710e+03 6.827629460837829356e+01 2.236946560960812944e-02 1.176312959478721248e-01 8.679603343631203671e-02 2.222989450727901799e-09 9.742075667394217708e-01
2.576449391580428710e+03 6.827629460837829356e+01 2.236946560960812944e-02 1.176312959478721248e-01 8.679603343631203671e-02 2.222989450727901799e-09 9.742075667394217708e-01
2.576449391580428710e+03 6.820430558919947828e+01 2.238281479200423738e-02 1.177666282441192924e-01 8.717413306047244737e-02 2.222296882224482461e-09 9.742813880944757310e-01
2.577921296093988985e+03 6.814667197445345437e+01 2.238338230681103519e-02 1.177052801419049277e-01 8.682439736270797237e-02 2.224997661697896142e-09 9.736603831566046363e-01
2.576923118019140475e+03 6.814704979917566163e+01 2.241950156177332718e-02 1.177418229828432472e-01 8.656303628056077892e-02 2.225669481898450630e-09 9.738040596537151927e-01
2.578321040100790469e+03 6.816332650553331973e+01 2.245138347706590598e-02 1.176584248454922571e-01 8.795784653628532790e-02 2.226095348931497056e-09 9.738102905400853881e-01
2.578447369174949472e+03 6.816332650553331973e+01 2.245138347706590598e-02 1.176584248454922571e-01 8.795784653628532790e-02 2.226095348931497056e-09 9.738102905400853881e-01
2.578447369174949472e+03 6.819389493566332305e+01 2.245242125767285199e-02 1.177399826263303556e-01 8.726879127239137168e-02 2.224971993288497050e-09 9.738223750042354077e-01
2.577398482676419007e+03 6.819389493566332305e+01 2.245242125767285199e-02 1.177399826263303556e-01 8.726879127239137168e-02 2.224971993288497050e-09 9.738223750042354077e-01
2.577398482676419007e+03 6.815518293199959032e+01 2.247416661537454327e-02 1.176316572817865808e-01 8.727147511019185677e-02 2.224945000879806166e-09 9.734088354033538781e-01
2.578744330008598808e+03 6.817838932216366743e+01 2.248387197777689667e-02 1.176947093543931899e-01 8.658875609189528588e-02 2.226446132135091120e-09 9.736471107665771729e-01
2.580177649352776825e+03 6.817838932216366743e+01 2.248387197777689667e-02 1.176947093543931899e-01 8.658875609189528588e-02 2.226446132135091120e-09 9.736471107665771729e-01
2.580177649352776825e+03 6.817838932216366743e+01 2.248387197777689667e-02 1.176947093543931899e-01 8.658875609189528588e-02 2.226446132135091120e-09 9.736471107665771729e-01
