2.669205397381976582e+03 6.812674956294526396e+01 2.200258291007563261e-02 1.165967073297315831e-01 5.414268119482524427e-02 2.109798027195865175e-09 9.651860207124360880e-01
2.669205397381976582e+03 6.812674956294526396e+01 2.200258291007563261e-02 1.165967073297315831e-01 5.414268119482524427e-02 2.109798027195865175e-09 9.651860207124360880e-01
2.669205397381976582e+03 6.806297775598439159e+01 2.200688568015729887e-02 1.165002158546665917e-01 5.514576418879112152e-02 2.112015104095824923e-09 9.645551822131821496e-01
2.656470702138715751e+03 6.806297775598439159e+01 2.200688568015729887e-02 1.165002158546665917e-01 5.514576418879112152e-02 2.112015104095824923e-09 9.645551822131821496e-01
2.656470702138715751e+03 6.806297775598439159e+01 2.200688568015729887e-02 1.165002158546665917e-01 5.514576418879112152e-02 2.112015104095824923e-09 9.645551822131821496e-01
2.656470702138715751e+03 6.826096054944218849e+01 2.201895354151364378e-02 1.165197643037615693e-01 5.507519087804120528e-02 2.106977794735737195e-09 9.646711592038580418e-01
2.625511558927825718e+03 6.831506316655699607e+01 2.192826710554649991e-02 1.164485558984685032e-01 5.727703441876196705e-02 2.107550373439641174e-09 9.647264312364116634e-01
2.606941291806273966e+03 6.814174419144423211e+01 2.195000986327170361e-02 1.165677403659000216e-01 5.769726878040241230e-02 2.108613090641577551e-09 9.647752757007551638e-01
2.603248526327414766e+03 6.814174419144423211e+01 2.195000986327170361e-02 1.165677403659000216e-01 5.769726878040241230e-02 2.108613090641577551e-09 9.647752757007551638e-01
2.603248526327414766e+03 6.814174419144423211e+01 2.195000986327170361e-02 1.165677403659000216e-01 5.769726878040241230e-02 2.108613090641577551e-09 9.647752757007551638e-01
2.603248526327414766e+03 6.799732750474011311e+01 2.190272951201417337e-02 1.166273571889330229e-01 5.918792989231239782e-02 2.107830174416600478e-09 9.651646943793814604e-01
2.598221869450668237e+03 6.799732750474011311e+01 2.190272951201417337e-02 1.166273571889330229e-01 5.918792989231239782e-02 2.107830174416600478e-09 9.651646943793814604e-01
2.598221869450668237e+03 6.799732750474011311e+01 2.190272951201417337e-02 1.166273571889330229e-01 5.918792989231239782e-02 2.107830174416600478e-09 9.651646943793814604e-01
2.598221869450668237e+03 6.799732750474011311e+01 2.190272951201417337e-02 1.166273571889330229e-01 5.918792989231239782e-02 2.107830174416600478e-09 9.651646943793814604e-01
2.598221869450668237e+03 6.784882689676651069e+01 2.194487773596661903e-02 1.166737106185493922e-01 6.001133498391936910e-02 2.101863165859924923e-09 9.664427872303995581e-01
2.599560982563944435e+03 6.793747523392453047e+01 2.195723934850610237e-02 1.165174845881553067e-01 5.943960951260610082e-02 2.101885138338706928e-09 9.665425154121002338e-01
2.596369696049780941e+03 6.794213945029510171e+01 2.201212934684823944e-02 1.167610902992684552e-01 5.834076839775813317e-02 2.098987051702713962e-09 9.655771452729815518e-01
2.595543558379435581e+03 6.794213945029510171e+01 2.201212934684823944e-02 1.167610902992684552e-01 5.834076839775813317e-02 2.098987051702713962e-09 9.655771452729815518e-01
2.595543558379435581e+03 6.791684983076608262e+01 2.203356797955760907e-02 1.166630500130154402e-01 5.830575386348824801e-02 2.098317023050284974e-09 9.663751980085132365e-01
2.593863567576509922e+03 6.791684983076608262e+01 2.203356797955760907e-02 1.166630500130154402e-01 5.830575386348824801e-02 2.098317023050284974e-09 9.663751980085132365e-01
2.593863567576509922e+03 6.791684983076608262e+01 2.203356797955760907e-02 1.166630500130154402e-01 5.830575386348824801e-02 2.098317023050284974e-09 9.663751980085132365e-01
2.593863567576509922e+03 6.782501834232041915e+01 2.204439025579725889e-02 1.168462489352164596e-01 5.859840014858865020e-02 2.094623842267776131e-09 9.670266154453420748e-01
2.597719429673894410e+03 6.782501834232041915e+01 2.204439025579725889e-02 1.168462489352164596e-01 5.859840014858865020e-02 2.094623842267776131e-09 9.670266154453420748e-01
2.597719429673894410e+03 6.780219256499637481e+01 2.207216147349625943e-02 1.166970685048552281e-01 6.028422943368810794e-02 2.107268687711061439e-09 9.676666101359978622e-01
2.593138295900186677e+03 6.780219256499637481e+01 2.207216147349625943e-02 1.166970685048552281e-01 6.028422943368810794e-02 2.107268687711061439e-09 9.676666101359978622e-01
2.593138295900186677e+03 6.780219256499637481e+01 2.207216147349625943e-02 1.166970685048552281e-01 6.028422943368810794e-02 2.107268687711061439e-09 9.676666101359978622e-01
2.593138295900186677e+03 6.782918879459613493e+01 2.213336366118904067e-02 1.166991372869308624e-01 6.097390820923998672e-02 2.110323037888117429e-09 9.674312119531426335e-01
2.593555184997049764e+03 6.782918879459613493e+01 2.213336366118904067e-02 1.166991372869308624e-01 6.097390820923998672e-02 2.110323037888117429e-09 9.674312119531426335e-01
2.593555184997049764e+03 6.782918879459613493e+01 2.213336366118904067e-02 1.166991372869308624e-01 6.097390820923998672e-02 2.110323037888117429e-09 9.674312119531426335e-01
2.593555184997049764e+03 6.781601443952642683e+01 2.211395669489561386e-02 1.166476166665693787e-01 6.116381844029500359e-02 2.111021052207727621e-09 9.675846583980708404e-01
2.594398724843862055e+03 6.781601443952642683e+01 2.211395669489561386e-02 1.166476166665693787e-01 6.116381844029500359e-02 2.111021052207727621e-09 9.675846583980708404e-01
2.594398724843862055e+03 6.781601443952642683e+01 2.211395669489561386e-02 1.166476166665693787e-01 6.116381844029500359e-02 2.111021052207727621e-09 9.675846583980708404e-01
2.594398724843862055e+03 6.788220200443883812e+01 2.208230993116096219e-02 1.167050472609472422e-01 6.065525113491104098e-02 2.113831945426398587e-09 9.674797295953305731e-01
2.593480814248812749e+03 6.788220200443883812e+01 2.208230993116096219e-02 1.167050472609472422e-01 6.065525113491104098e-02 2.113831945426398587e-09 9.674797295953305731e-01
2.593480814248812749e+03 6.788220200443883812e+01 2.208230993116096219e-02 1.167050472609472422e-01 6.065525113491104098e-02 2.113831945426398587e-09 9.674797295953305731e-01
2.593480814248812749e+03 6.788220200443883812e+01 2.208230993116096219e-02 1.167050472609472422e-01 6.065525113491104098e-02 2.113831945426398587e-09 9.674797295953305731e-01
2.593480814248812749e+03 6.788220200443883812e+01 2.208230993116096219e-02 1.167050472609472422e-01 6.065525113491104098e-02 2.113831945426398587e-09 9.674797295953305731e-01
2.593480814248812749e+03 6.786717273841261999e+01 2.209703578273581812e-02 1.167742360219404113e-01 6.112497889178913901e-02 2.115023853025671987e-09 9.675459049588968075e-01
2.591952307770547122e+03 6.786717273841261999e+01 2.209703578273581812e-02 1.167742360219404113e-01 6.112497889178913901e-02 2.115023853025671987e-09 9.675459049588968075e-01
2.591952307770547122e+03 6.790822792545660036e+01 2.205702489352188642e-02 1.168686480795252669e-01 5.890535848412741665e-02 2.104635967589773043e-09 9.669759551125584052e-01
2.589396259330168050e+03 6.790822792545660036e+01 2.205702489352188642e-02 1.168686480795252669e-01 5.890535848412741665e-02 2.104635967589773043e-09 9.669759551125584052e-01
2.589396259330168050e+03 6.794902529721036899e+01 2.206470047933388468e-02 1.172358182721575520e-01 5.848228981007531913e-02 2.110466174780708705e-09 9.666558647416125805e-01
2.589215482324679215e+03 6.794902529721036899e+01 2.206470047933388468e-02 1.172358182721575520e-01 5.848228981007531913e-02 2.110466174780708705e-09 9.666558647416125805e-01
2.589215482324679215e+03 6.794902529721036899e+01 2.206470047933388468e-02 1.172358182721575520e-01 5.848228981007531913e-02 2.110466174780708705e-09 9.666558647416125805e-01
2.589215482324679215e+03 6.794902529721036899e+01 2.206470047933388468e-02 1.172358182721575520e-01 5.848228981007531913e-02 2.110466174780708705e-09 9.666558647416125805e-01
2.589215482324679215e+03 6.794902529721036899e+01 2.206470047933388468e-02 1.172358182721575520e-01 5.848228981007531913e-02 2.110466174780708705e-09 9.666558647416125805e-01
2.589215482324679215e+03 6.799315384377842975e+01 2.208809654634668815e-02 1.173181691560225004e-01 5.909995269361738301e-02 2.107721238957768123e-09 9.665216217984117231e-01
2.586336192718676102e+03 6.801503766242824156e+01 2.208053983418638289e-02 1.173083952307901884e-01 5.842899362242586631e-02 2.109563922453321735e-09 9.662613974578849740e-01
2.587579507864649713e+03 6.809561824232201843e+01 2.210139288261813578e-02 1.174388868853817325e-01 5.861503272336338055e-02 2.113899126272801048e-09 9.659280832551510043e-01
2.589574674688639789e+03 6.809561824232201843e+01 2.210139288261813578e-02 1.174388868853817325e-01 5.861503272336338055e-02 2.113899126272801048e-09 9.659280832551510043e-01
2.589574674688639789e+03 6.809561824232201843e+01 2.210139288261813578e-02 1.174388868853817325e-01 5.861503272336338055e-02 2.113899126272801048e-09 9.659280832551510043e-01
2.589574674688639789e+03 6.809561824232201843e+01 2.210139288261813578e-02 1.174388868853817325e-01 5.861503272336338055e-02 2.113899126272801048e-09 9.659280832551510043e-01
2.589574674688639789e+03 6.809561824232201843e+01 2.210139288261813578e-02 1.174388868853817325e-01 5.861503272336338055e-02 2.113899126272801048e-09 9.659280832551510043e-01
2.589574674688639789e+03 6.806853014565221827e+01 2.212044426690568805e-02 1.175692559366264267e-01 5.896982993645610849e-02 2.114552505883630928e-09 9.666507916647825160e-01
2.586568097147146545e+03 6.806853014565221827e+01 2.212044426690568805e-02 1.175692559366264267e-01 5.896982993645610849e-02 2.114552505883630928e-09 9.666507916647825160e-01
2.586568097147146545e+03 6.806853014565221827e+01 2.212044426690568805e-02 1.175692559366264267e-01 5.896982993645610849e-02 2.114552505883630928e-09 9.666507916647825160e-01
2.586568097147146545e+03 6.796835845092937234e+01 2.209172072660466057e-02 1.173822226588729090e-01 5.932504888460836401e-02 2.113877691043871733e-09 9.668780878366992626e-01
2.586590699231676808e+03 6.796835845092937234e+01 2.209172072660466057e-02 1.173822226588729090e-01 5.932504888460836401e-02 2.113877691043871733e-09 9.668780878366992626e-01
2.586590699231676808e+03 6.796835845092937234e+01 2.209172072660466057e-02 1.173822226588729090e-01 5.932504888460836401e-02 2.113877691043871733e-09 9.668780878366992626e-01
2.586590699231676808e+03 6.783162686071140968e+01 2.207506821438319153e-02 1.176027464783647586e-01 5.980082256557363307e-02 2.116532575867328572e-09 9.691902917220270863e-01
2.586351122776703050e+03 6.771131665194798188e+01 2.205884311435215780e-02 1.173502932950214461e-01 6.079298871798460152e-02 2.113844632715963541e-09 9.692337616567274772e-01
2.585553686819269387e+03 6.780887047101339249e+01 2.206307399086191237e-02 1.173956343132502023e-01 5.894132588673622886e-02 2.106756495663938247e-09 9.703651639353869651e-01
2.583154698075805754e+03 6.780887047101339249e+01 2.206307399086191237e-02 1.173956343132502023e-01 5.894132588673622886e-02 2.106756495663938247e-09 9.703651639353869651e-01
2.583154698075805754e+03 6.780887047101339249e+01 2.206307399086191237e-02 1.173956343132502023e-01 5.894132588673622886e-02 2.106756495663938247e-09 9.703651639353869651e-01
2.583154698075805754e+03 6.784924289456800750e+01 2.210729446139006113e-02 1.175217409464540952e-01 5.726085396830377094e-02 2.100986236831673675e-09 9.701577211836290848e-01
2.581927191730183040e+03 6.784924289456800750e+01 2.210729446139006113e-02 1.175217409464540952e-01 5.726085396830377094e-02 2.100986236831673675e-09 9.701577211836290848e-01
2.581927191730183040e+03 6.784924289456800750e+01 2.210729446139006113e-02 1.175217409464540952e-01 5.726085396830377094e-02 2.100986236831673675e-09 9.701577211836290848e-01
2.581927191730183040e+03 6.784924289456800750e+01 2.210729446139006113e-02 1.175217409464540952e-01 5.726085396830377094e-02 2.100986236831673675e-09 9.701577211836290848e-01
2.581927191730183040e+03 6.781074587049791091e+01 2.214465982529262994e-02 1.176209795989929252e-01 5.847818872629113179e-02 2.105178760189442787e-09 9.714557644533159397e-01
2.581494789145148388e+03 6.781074587049791091e+01 2.214465982529262994e-02 1.176209795989929252e-01 5.847818872629113179e-02 2.105178760189442787e-09 9.714557644533159397e-01
2.581494789145148388e+03 6.781074587049791091e+01 2.214465982529262994e-02 1.176209795989929252e-01 5.847818872629113179e-02 2.105178760189442787e-09 9.714557644533159397e-01
2.581494789145148388e+03 6.781074587049791091e+01 2.214465982529262994e-02 1.176209795989929252e-01 5.847818872629113179e-02 2.105178760189442787e-09 9.714557644533159397e-01
2.581494789145148388e+03 6.798327676510854189e+01 2.213221660092443491e-02 1.174807988676966342e-01 5.980202921673907074e-02 2.109221439918123270e-09 9.712829123935321496e-01
2.579229357749625706e+03 6.798327676510854189e+01 2.213221660092443491e-02 1.174807988676966342e-01 5.980202921673907074e-02 2.109221439918123270e-09 9.712829123935321496e-01
2.579229357749625706e+03 6.798327676510854189e+01 2.213221660092443491e-02 1.174807988676966342e-01 5.980202921673907074e-02 2.109221439918123270e-09 9.712829123935321496e-01
2.579229357749625706e+03 6.798327676510854189e+01 2.213221660092443491e-02 1.174807988676966342e-01 5.980202921673907074e-02 2.109221439918123270e-09 9.712829123935321496e-01
2.579229357749625706e+03 6.798327676510854189e+01 2.213221660092443491e-02 1.174807988676966342e-01 5.980202921673907074e-02 2.109221439918123270e-09 9.712829123935321496e-01
2.579229357749625706e+03 6.798327676510854189e+01 2.213221660092443491e-02 1.174807988676966342e-01 5.980202921673907074e-02 2.109221439918123270e-09 9.712829123935321496e-01
2.579229357749625706e+03 6.798327676510854189e+01 2.213221660092443491e-02 1.174807988676966342e-01 5.980202921673907074e-02 2.109221439918123270e-09 9.712829123935321496e-01
2.579229357749625706e+03 6.803969328612811296e+01 2.214461395939007829e-02 1.175464895702682255e-01 5.953654581895843900e-02 2.106178288287769108e-09 9.712110978069508072e-01
2.579387326852107435e+03 6.803969328612811296e+01 2.214461395939007829e-02 1.175464895702682255e-01 5.953654581895843900e-02 2.106178288287769108e-09 9.712110978069508072e-01
2.579387326852107435e+03 6.803969328612811296e+01 2.214461395939007829e-02 1.175464895702682255e-01 5.953654581895843900e-02 2.106178288287769108e-09 9.712110978069508072e-01
2.579387326852107435e+03 6.803969328612811296e+01 2.214461395939007829e-02 1.175464895702682255e-01 5.953654581895843900e-02 2.106178288287769108e-09 9.712110978069508072e-01
2.579387326852107435e+03 6.803969328612811296e+01 2.214461395939007829e-02 1.175464895702682255e-01 5.953654581895843900e-02 2.106178288287769108e-09 9.712110978069508072e-01
2.579387326852107435e+03 6.810585154549968934e+01 2.221165878460488324e-02 1.174330765722909481e-01 5.949452622874232960e-02 2.107607618120709414e-09 9.712141611016146259e-01
2.578322582120440529e+03 6.806702045038981908e+01 2.217051129723175348e-02 1.171567915092283502e-01 5.881438114840306652e-02 2.099342168377499145e-09 9.709215114222804477e-01
2.581536378118442371e+03 6.806702045038981908e+01 2.217051129723175348e-02 1.171567915092283502e-01 5.881438114840306652e-02 2.099342168377499145e-09 9.709215114222804477e-01
2.581536378118442371e+03 6.806702045038981908e+01 2.217051129723175348e-02 1.171567915092283502e-01 5.881438114840306652e-02 2.099342168377499145e-09 9.709215114222804477e-01
2.581536378118442371e+03 6.806702045038981908e+01 2.217051129723175348e-02 1.171567915092283502e-01 5.881438114840306652e-02 2.099342168377499145e-09 9.709215114222804477e-01
2.581536378118442371e+03 6.802449288163161611e+01 2.216592039381527768e-02 1.173142165942226006e-01 5.679678319399276976e-02 2.098438028074783194e-09 9.715677685593858692e-01
2.581409763010444294e+03 6.802449288163161611e+01 2.216592039381527768e-02 1.173142165942226006e-01 5.679678319399276976e-02 2.098438028074783194e-09 9.715677685593858692e-01
2.581409763010444294e+03 6.809862497274809812e+01 2.219165026522123760e-02 1.169787203885727656e-01 5.808925022434878460e-02 2.097100365071252923e-09 9.717163018144535647e-01
2.580597155236182516e+03 6.809862497274809812e+01 2.219165026522123760e-02 1.169787203885727656e-01 5.808925022434878460e-02 2.097100365071252923e-09 9.717163018144535647e-01
2.580597155236182516e+03 6.809862497274809812e+01 2.219165026522123760e-02 1.169787203885727656e-01 5.808925022434878460e-02 2.097100365071252923e-09 9.717163018144535647e-01
2.580597155236182516e+03 6.809523294550642447e+01 2.216712992150517147e-02 1.169433960758907570e-01 5.687616615539950460e-02 2.098442712553007677e-09 9.715000168170898620e-01
2.584773063893494509e+03 6.805690163123958314e+01 2.216832308288637504e-02 1.166952657198477572e-01 5.667785042462727269e-02 2.091699333372856904e-09 9.723669934954357608e-01
2.584613810699351234e+03 6.805690163123958314e+01 2.216832308288637504e-02 1.166952657198477572e-01 5.667785042462727269e-02 2.091699333372856904e-09 9.723669934954357608e-01
2.584613810699351234e+03 6.805690163123958314e+01 2.216832308288637504e-02 1.166952657198477572e-01 5.667785042462727269e-02 2.091699333372856904e-09 9.723669934954357608e-01
2.584613810699351234e+03 6.810607886318048543e+01 2.214249565820316720e-02 1.167130215001841859e-01 5.854681004950550854e-02 2.092838990271715008e-09 9.713149958813228624e-01
2.586934711041327773e+03 6.805446670571902246e+01 2.217174043860685451e-02 1.169987011548185019e-01 5.860204198495919115e-02 2.099854406340198049e-09 9.710408112365002120e-01
2.581298863274900668e+03 6.805446670571902246e+01 2.217174043860685451e-02 1.169987011548185019e-01 5.860204198495919115e-02 2.099854406340198049e-09 9.710408112365002120e-01
2.581298863274900668e+03 6.805446670571902246e+01 2.217174043860685451e-02 1.169987011548185019e-01 5.860204198495919115e-02 2.099854406340198049e-09 9.710408112365002120e-01
2.581298863274900668e+03 6.805446670571902246e+01 2.217174043860685451e-02 1.169987011548185019e-01 5.860204198495919115e-02 2.099854406340198049e-09 9.710408112365002120e-01
2.581298863274900668e+03 6.803564648758458588e+01 2.222226591276464311e-02 1.170963822225233458e-01 5.792427192847546258e-02 2.098312727917870517e-09 9.707427081025815641e-01
2.581268341916336794e+03 6.803564648758458588e+01 2.222226591276464311e-02 1.170963822225233458e-01 5.792427192847546258e-02 2.098312727917870517e-09 9.707427081025815641e-01
2.581268341916336794e+03 6.809780582330537868e+01 2.217689817355059448e-02 1.171243999323537816e-01 5.753974714950779029e-02 2.093715550026796011e-09 9.710964821566030469e-01
2.581557059470937929e+03 6.809780582330537868e+01 2.217689817355059448e-02 1.171243999323537816e-01 5.753974714950779029e-02 2.093715550026796011e-09 9.710964821566030469e-01
2.581557059470937929e+03 6.809780582330537868e+01 2.217689817355059448e-02 1.171243999323537816e-01 5.753974714950779029e-02 2.093715550026796011e-09 9.710964821566030469e-01
2.581557059470937929e+03 6.809780582330537868e+01 2.217689817355059448e-02 1.171243999323537816e-01 5.753974714950779029e-02 2.093715550026796011e-09 9.710964821566030469e-01
2.581557059470937929e+03 6.812853638771007070e+01 2.215869666528057919e-02 1.172115254023522457e-01 5.714631302401681351e-02 2.096897527003040708e-09 9.719140222345238334e-01
2.579277626059782051e+03 6.812853638771007070e+01 2.215869666528057919e-02 1.172115254023522457e-01 5.714631302401681351e-02 2.096897527003040708e-09 9.719140222345238334e-01
2.579277626059782051e+03 6.812853638771007070e+01 2.215869666528057919e-02 1.172115254023522457e-01 5.714631302401681351e-02 2.096897527003040708e-09 9.719140222345238334e-01
2.579277626059782051e+03 6.812853638771007070e+01 2.215869666528057919e-02 1.172115254023522457e-01 5.714631302401681351e-02 2.096897527003040708e-09 9.719140222345238334e-01
2.579277626059782051e+03 6.817718894105993854e+01 2.214828750774845353e-02 1.170923896791823959e-01 5.855536058437805363e-02 2.100609390209061441e-09 9.723859713742581956e-01
2.579275935614542504e+03 6.819447999129512539e+01 2.214033300511302274e-02 1.171699511100568192e-01 5.743612075620401630e-02 2.098947306558270098e-09 9.716865105805854164e-01
2.579851793903384532e+03 6.819447999129512539e+01 2.214033300511302274e-02 1.171699511100568192e-01 5.743612075620401630e-02 2.098947306558270098e-09 9.716865105805854164e-01
2.579851793903384532e+03 6.819447999129512539e+01 2.214033300511302274e-02 1.171699511100568192e-01 5.743612075620401630e-02 2.098947306558270098e-09 9.716865105805854164e-01
2.579851793903384532e+03 6.819447999129512539e+01 2.214033300511302274e-02 1.171699511100568192e-01 5.743612075620401630e-02 2.098947306558270098e-09 9.716865105805854164e-01
2.579851793903384532e+03 6.819447999129512539e+01 2.214033300511302274e-02 1.171699511100568192e-01 5.743612075620401630e-02 2.098947306558270098e-09 9.716865105805854164e-01
2.579851793903384532e+03 6.819447999129512539e+01 2.214033300511302274e-02 1.171699511100568192e-01 5.743612075620401630e-02 2.098947306558270098e-09 9.716865105805854164e-01
2.579851793903384532e+03 6.819447999129512539e+01 2.214033300511302274e-02 1.171699511100568192e-01 5.743612075620401630e-02 2.098947306558270098e-09 9.716865105805854164e-01
2.579851793903384532e+03 6.819447999129512539e+01 2.214033300511302274e-02 1.171699511100568192e-01 5.743612075620401630e-02 2.098947306558270098e-09 9.716865105805854164e-01
2.579851793903384532e+03 6.819447999129512539e+01 2.214033300511302274e-02 1.171699511100568192e-01 5.743612075620401630e-02 2.098947306558270098e-09 9.716865105805854164e-01
2.579851793903384532e+03 6.835419138859441546e+01 2.215204589511742331e-02 1.173131694758946381e-01 5.646750693082269734e-02 2.096302963443211514e-09 9.724173007521901280e-01
2.581395877288156953e+03 6.835419138859441546e+01 2.215204589511742331e-02 1.173131694758946381e-01 5.646750693082269734e-02 2.096302963443211514e-09 9.724173007521901280e-01
2.581395877288156953e+03 6.835419138859441546e+01 2.215204589511742331e-02 1.173131694758946381e-01 5.646750693082269734e-02 2.096302963443211514e-09 9.724173007521901280e-01
2.581395877288156953e+03 6.835419138859441546e+01 2.215204589511742331e-02 1.173131694758946381e-01 5.646750693082269734e-02 2.096302963443211514e-09 9.724173007521901280e-01
2.581395877288156953e+03 6.835419138859441546e+01 2.215204589511742331e-02 1.173131694758946381e-01 5.646750693082269734e-02 2.096302963443211514e-09 9.724173007521901280e-01
2.581395877288156953e+03 6.835419138859441546e+01 2.215204589511742331e-02 1.173131694758946381e-01 5.646750693082269734e-02 2.096302963443211514e-09 9.724173007521901280e-01
2.581395877288156953e+03 6.835419138859441546e+01 2.215204589511742331e-02 1.173131694758946381e-01 5.646750693082269734e-02 2.096302963443211514e-09 9.724173007521901280e-01
2.581395877288156953e+03 6.835419138859441546e+01 2.215204589511742331e-02 1.173131694758946381e-01 5.646750693082269734e-02 2.096302963443211514e-09 9.724173007521901280e-01
2.581395877288156953e+03 6.837745614139372208e+01 2.215592491119956764e-02 1.172532110410626355e-01 5.671485764645798483e-02 2.097317036096681926e-09 9.726996073556144484e-01
2.581316838832327903e+03 6.837745614139372208e+01 2.215592491119956764e-02 1.172532110410626355e-01 5.671485764645798483e-02 2.097317036096681926e-09 9.726996073556144484e-01
2.581316838832327903e+03 6.833104052293607822e+01 2.218056953664310563e-02 1.173037980189806512e-01 5.765009780102307857e-02 2.099811487104411903e-09 9.727005098331806821e-01
2.579754568194555759e+03 6.833104052293607822e+01 2.218056953664310563e-02 1.173037980189806512e-01 5.765009780102307857e-02 2.099811487104411903e-09 9.727005098331806821e-01
2.579754568194555759e+03 6.833104052293607822e+01 2.218056953664310563e-02 1.173037980189806512e-01 5.765009780102307857e-02 2.099811487104411903e-09 9.727005098331806821e-01
2.579754568194555759e+03 6.817460413499732397e+01 2.217041496246486068e-02 1.170982269261572478e-01 5.841747129196536020e-02 2.100164080975134575e-09 9.733787034062671983e-01
2.578825165148947235e+03 6.817460413499732397e+01 2.217041496246486068e-02 1.170982269261572478e-01 5.841747129196536020e-02 2.100164080975134575e-09 9.733787034062671983e-01
2.578825165148947235e+03 6.817460413499732397e+01 2.217041496246486068e-02 1.170982269261572478e-01 5.841747129196536020e-02 2.100164080975134575e-09 9.733787034062671983e-01
2.578825165148947235e+03 6.817460413499732397e+01 2.217041496246486068e-02 1.170982269261572478e-01 5.841747129196536020e-02 2.100164080975134575e-09 9.733787034062671983e-01
2.578825165148947235e+03 6.817460413499732397e+01 2.217041496246486068e-02 1.170982269261572478e-01 5.841747129196536020e-02 2.100164080975134575e-09 9.733787034062671983e-01
2.578825165148947235e+03 6.826033261629692106e+01 2.214970049521589393e-02 1.173295655489404871e-01 5.842694138691454514e-02 2.105141868365990197e-09 9.734103434983999437e-01
2.580537513369481076e+03 6.826033261629692106e+01 2.214970049521589393e-02 1.173295655489404871e-01 5.842694138691454514e-02 2.105141868365990197e-09 9.734103434983999437e-01
2.580537513369481076e+03 6.826033261629692106e+01 2.214970049521589393e-02 1.173295655489404871e-01 5.842694138691454514e-02 2.105141868365990197e-09 9.734103434983999437e-01
2.580537513369481076e+03 6.835163013302039303e+01 2.216519398581524858e-02 1.175149672545754836e-01 5.924478293335741497e-02 2.111340977488418367e-09 9.731782786869508373e-01
2.582950849741677303e+03 6.841154698838960257e+01 2.220400074606892690e-02 1.174555484149584356e-01 5.919948274709481428e-02 2.100825532031699736e-09 9.732017497783014282e-01
2.586765011401912489e+03 6.834170846804653365e+01 2.219776373992426305e-02 1.172775495272126017e-01 5.903552105831472857e-02 2.103395111267589694e-09 9.737439335816656660e-01
2.579061597948724739e+03 6.834170846804653365e+01 2.219776373992426305e-02 1.172775495272126017e-01 5.903552105831472857e-02 2.103395111267589694e-09 9.737439335816656660e-01
2.579061597948724739e+03 6.834170846804653365e+01 2.219776373992426305e-02 1.172775495272126017e-01 5.903552105831472857e-02 2.103395111267589694e-09 9.737439335816656660e-01
2.579061597948724739e+03 6.834170846804653365e+01 2.219776373992426305e-02 1.172775495272126017e-01 5.903552105831472857e-02 2.103395111267589694e-09 9.737439335816656660e-01
2.579061597948724739e+03 6.834170846804653365e+01 2.219776373992426305e-02 1.172775495272126017e-01 5.903552105831472857e-02 2.103395111267589694e-09 9.737439335816656660e-01
2.579061597948724739e+03 6.824256774457468566e+01 2.218620457937699533e-02 1.172347224869291910e-01 5.889614546218299718e-02 2.105744071203531603e-09 9.725908388096138335e-01
2.579041798538334206e+03 6.824256774457468566e+01 2.218620457937699533e-02 1.172347224869291910e-01 5.889614546218299718e-02 2.105744071203531603e-09 9.725908388096138335e-01
2.579041798538334206e+03 6.824256774457468566e+01 2.218620457937699533e-02 1.172347224869291910e-01 5.889614546218299718e-02 2.105744071203531603e-09 9.725908388096138335e-01
2.579041798538334206e+03 6.824256774457468566e+01 2.218620457937699533e-02 1.172347224869291910e-01 5.889614546218299718e-02 2.105744071203531603e-09 9.725908388096138335e-01
2.579041798538334206e+03 6.824256774457468566e+01 2.218620457937699533e-02 1.172347224869291910e-01 5.889614546218299718e-02 2.105744071203531603e-09 9.725908388096138335e-01
2.579041798538334206e+03 6.824256774457468566e+01 2.218620457937699533e-02 1.172347224869291910e-01 5.889614546218299718e-02 2.105744071203531603e-09 9.725908388096138335e-01
2.579041798538334206e+03 6.824256774457468566e+01 2.218620457937699533e-02 1.172347224869291910e-01 5.889614546218299718e-02 2.105744071203531603e-09 9.725908388096138335e-01
2.579041798538334206e+03 6.824256774457468566e+01 2.218620457937699533e-02 1.172347224869291910e-01 5.889614546218299718e-02 2.105744071203531603e-09 9.725908388096138335e-01
2.579041798538334206e+03 6.824256774457468566e+01 2.218620457937699533e-02 1.172347224869291910e-01 5.889614546218299718e-02 2.105744071203531603e-09 9.725908388096138335e-01
2.579041798538334206e+03 6.823252748553925073e+01 2.220277045321590592e-02 1.173177626621319247e-01 5.863103171396399221e-02 2.105108683594880512e-09 9.728680404161949014e-01
2.578895150558293153e+03 6.830675110625128355e+01 2.222689365970325834e-02 1.173326992359662591e-01 5.720537118571825119e-02 2.104308869986949444e-09 9.729729003402103338e-01
2.584399610602896246e+03 6.831792800447885838e+01 2.220301050575766710e-02 1.173999608439292019e-01 5.687421407405612167e-02 2.101986687814087174e-09 9.729166153957639063e-01
2.582625702245155935e+03 6.842842526452366769e+01 2.216628949731017789e-02 1.173423738347858375e-01 5.744195741503700658e-02 2.101314367609545515e-09 9.728486614547489086e-01
2.582534745838261642e+03 6.842842526452366769e+01 2.216628949731017789e-02 1.173423738347858375e-01 5.744195741503700658e-02 2.101314367609545515e-09 9.728486614547489086e-01
2.582534745838261642e+03 6.842842526452366769e+01 2.216628949731017789e-02 1.173423738347858375e-01 5.744195741503700658e-02 2.101314367609545515e-09 9.728486614547489086e-01
2.582534745838261642e+03 6.832373337424657223e+01 2.216523984855356399e-02 1.171592165506473021e-01 5.729217785744181862e-02 2.095276048806663969e-09 9.722666269550284124e-01
2.580714785490252325e+03 6.832373337424657223e+01 2.216523984855356399e-02 1.171592165506473021e-01 5.729217785744181862e-02 2.095276048806663969e-09 9.722666269550284124e-01
2.580714785490252325e+03 6.832373337424657223e+01 2.216523984855356399e-02 1.171592165506473021e-01 5.729217785744181862e-02 2.095276048806663969e-09 9.722666269550284124e-01
2.580714785490252325e+03 6.829975925086600341e+01 2.212592597585179982e-02 1.170995056364944886e-01 5.622718309018537308e-02 2.095278909014284154e-09 9.723952673064313323e-01
2.581258601385411566e+03 6.828905026889641761e+01 2.209269669405913156e-02 1.172284836678509218e-01 5.583477803213215962e-02 2.093746075222883115e-09 9.725724155855327568e-01
2.582112016364786541e+03 6.828905026889641761e+01 2.209269669405913156e-02 1.172284836678509218e-01 5.583477803213215962e-02 2.093746075222883115e-09 9.725724155855327568e-01
2.582112016364786541e+03 6.828905026889641761e+01 2.209269669405913156e-02 1.172284836678509218e-01 5.583477803213215962e-02 2.093746075222883115e-09 9.725724155855327568e-01
2.582112016364786541e+03 6.836389411648958969e+01 2.210875589690935311e-02 1.172221035907283770e-01 5.732460640456130824e-02 2.102289634652148129e-09 9.720773863653590086e-01
2.583911169700677419e+03 6.838429151647166293e+01 2.210359546317099827e-02 1.171170588978455163e-01 5.673603232823877518e-02 2.098893757580094467e-09 9.727461988558065986e-01
2.583694856357212302e+03 6.838429151647166293e+01 2.210359546317099827e-02 1.171170588978455163e-01 5.673603232823877518e-02 2.098893757580094467e-09 9.727461988558065986e-01
2.583694856357212302e+03 6.838429151647166293e+01 2.210359546317099827e-02 1.171170588978455163e-01 5.673603232823877518e-02 2.098893757580094467e-09 9.727461988558065986e-01
2.583694856357212302e+03 6.838429151647166293e+01 2.210359546317099827e-02 1.171170588978455163e-01 5.673603232823877518e-02 2.098893757580094467e-09 9.727461988558065986e-01
2.583694856357212302e+03 6.844659108802942171e+01 2.211767694846994425e-02 1.173525846830599378e-01 5.711663205832989698e-02 2.097985435600860422e-09 9.735165626850889042e-01
2.584955319877927195e+03 6.844659108802942171e+01 2.211767694846994425e-02 1.173525846830599378e-01 5.711663205832989698e-02 2.097985435600860422e-09 9.735165626850889042e-01
2.584955319877927195e+03 6.844659108802942171e+01 2.211767694846994425e-02 1.173525846830599378e-01 5.711663205832989698e-02 2.097985435600860422e-09 9.735165626850889042e-01
2.584955319877927195e+03 6.844418018915855839e+01 2.215306676519719284e-02 1.173146602631931906e-01 5.865111354232763197e-02 2.104252482589376341e-09 9.738063682083192285e-01
2.582595179450669093e+03 6.842527173584497291e+01 2.222762927176417935e-02 1.171702256742833820e-01 5.936896439751335186e-02 2.101818338152619627e-09 9.743686033258195378e-01
2.580124086883972268e+03 6.845478927270329450e+01 2.220469622695390305e-02 1.170069375311605653e-01 5.974690507791388661e-02 2.104526006354376172e-09 9.740352970376852104e-01
2.579592193872124881e+03 6.835590844906035102e+01 2.225055939039832092e-02 1.168279300558919820e-01 6.040484267932712953e-02 2.111376164664251505e-09 9.733170031572879743e-01
2.580472100601673901e+03 6.835590844906035102e+01 2.225055939039832092e-02 1.168279300558919820e-01 6.040484267932712953e-02 2.111376164664251505e-09 9.733170031572879743e-01
2.580472100601673901e+03 6.827113801891222522e+01 2.219829623282322181e-02 1.167301214059693615e-01 6.125968823679668607e-02 2.107020149650039813e-09 9.737142828590914512e-01
2.579842753079006798e+03 6.827113801891222522e+01 2.219829623282322181e-02 1.167301214059693615e-01 6.125968823679668607e-02 2.107020149650039813e-09 9.737142828590914512e-01
2.579842753079006798e+03 6.827113801891222522e+01 2.219829623282322181e-02 1.167301214059693615e-01 6.125968823679668607e-02 2.107020149650039813e-09 9.737142828590914512e-01
2.579842753079006798e+03 6.827113801891222522e+01 2.219829623282322181e-02 1.167301214059693615e-01 6.125968823679668607e-02 2.107020149650039813e-09 9.737142828590914512e-01
2.579842753079006798e+03 6.827113801891222522e+01 2.219829623282322181e-02 1.167301214059693615e-01 6.125968823679668607e-02 2.107020149650039813e-09 9.737142828590914512e-01
2.579842753079006798e+03 6.812186560290102477e+01 2.224458423821646519e-02 1.168240368276341201e-01 6.032652032178916629e-02 2.105570187069349566e-09 9.738179556209946020e-01
2.582052446867822255e+03 6.812186560290102477e+01 2.224458423821646519e-02 1.168240368276341201e-01 6.032652032178916629e-02 2.105570187069349566e-09 9.738179556209946020e-01
2.582052446867822255e+03 6.812186560290102477e+01 2.224458423821646519e-02 1.168240368276341201e-01 6.032652032178916629e-02 2.105570187069349566e-09 9.738179556209946020e-01
2.582052446867822255e+03 6.824067202340113170e+01 2.224364330909276571e-02 1.168530823004978597e-01 6.095963414851285345e-02 2.105214313460725553e-09 9.744146073276580555e-01
2.579730067745520500e+03 6.824067202340113170e+01 2.224364330909276571e-02 1.168530823004978597e-01 6.095963414851285345e-02 2.105214313460725553e-09 9.744146073276580555e-01
2.579730067745520500e+03 6.824067202340113170e+01 2.224364330909276571e-02 1.168530823004978597e-01 6.095963414851285345e-02 2.105214313460725553e-09 9.744146073276580555e-01
2.579730067745520500e+03 6.821485815504148320e+01 2.219252881982596709e-02 1.170002618748276352e-01 5.950646083383280549e-02 2.104821913513197574e-09 9.745001397127488474e-01
2.579431015743607531e+03 6.821485815504148320e+01 2.219252881982596709e-02 1.170002618748276352e-01 5.950646083383280549e-02 2.104821913513197574e-09 9.745001397127488474e-01
2.579431015743607531e+03 6.834550856195906476e+01 2.221704427447544761e-02 1.171541635111910812e-01 5.932016093576826521e-02 2.106091252084854242e-09 9.746772739562892252e-01
2.578940173193353985e+03 6.826844819985245749e+01 2.221388040582421980e-02 1.173203489864121790e-01 6.025472255390916521e-02 2.110938950957109002e-09 9.743307086189645361e-01
2.578797649253501731e+03 6.828686021607212808e+01 2.223071470640236233e-02 1.174749686960969292e-01 5.939936083847325438e-02 2.106239290789174040e-09 9.748027435562035548e-01
2.578399714061112718e+03 6.827370822399623762e+01 2.224525465329770316e-02 1.173788539261521185e-01 5.936770764910014042e-02 2.107704901635124294e-09 9.741495689366114208e-01
2.578586551533034253e+03 6.819106607401096198e+01 2.223836617311598235e-02 1.171063233000455700e-01 5.960429599588649291e-02 2.101661223218727283e-09 9.746582688485503354e-01
2.578710099513496516e+03 6.819106607401096198e+01 2.223836617311598235e-02 1.171063233000455700e-01 5.960429599588649291e-02 2.101661223218727283e-09 9.746582688485503354e-01
2.578710099513496516e+03 6.824061806858404111e+01 2.229827035965978310e-02 1.170950172512950083e-01 5.885287512716914221e-02 2.101616802616252999e-09 9.751403477824139854e-01
2.579513271324893140e+03 6.824061806858404111e+01 2.229827035965978310e-02 1.170950172512950083e-01 5.885287512716914221e-02 2.101616802616252999e-09 9.751403477824139854e-01
2.579513271324893140e+03 6.824061806858404111e+01 2.229827035965978310e-02 1.170950172512950083e-01 5.885287512716914221e-02 2.101616802616252999e-09 9.751403477824139854e-01
2.579513271324893140e+03 6.819110974545307613e+01 2.230294527880627084e-02 1.171570062506660098e-01 5.975108432041511403e-02 2.101194885264808230e-09 9.750589684987607253e-01
2.579420027636621853e+03 6.819110974545307613e+01 2.230294527880627084e-02 1.171570062506660098e-01 5.975108432041511403e-02 2.101194885264808230e-09 9.750589684987607253e-01
2.579420027636621853e+03 6.819110974545307613e+01 2.230294527880627084e-02 1.171570062506660098e-01 5.975108432041511403e-02 2.101194885264808230e-09 9.750589684987607253e-01
2.579420027636621853e+03 6.819110974545307613e+01 2.230294527880627084e-02 1.171570062506660098e-01 5.975108432041511403e-02 2.101194885264808230e-09 9.750589684987607253e-01
2.579420027636621853e+03 6.817747904123741876e+01 2.234937399622228399e-02 1.173695731172480633e-01 5.931375306939423719e-02 2.098803221315161446e-09 9.749571468388261719e-01
2.580227683103056734e+03 6.817747904123741876e+01 2.234937399622228399e-02 1.173695731172480633e-01 5.931375306939423719e-02 2.098803221315161446e-09 9.749571468388261719e-01
2.580227683103056734e+03 6.817747904123741876e+01 2.234937399622228399e-02 1.173695731172480633e-01 5.931375306939423719e-02 2.098803221315161446e-09 9.749571468388261719e-01
2.580227683103056734e+03 6.817747904123741876e+01 2.234937399622228399e-02 1.173695731172480633e-01 5.931375306939423719e-02 2.098803221315161446e-09 9.749571468388261719e-01
2.580227683103056734e+03 6.817747904123741876e+01 2.234937399622228399e-02 1.173695731172480633e-01 5.931375306939423719e-02 2.098803221315161446e-09 9.749571468388261719e-01
2.580227683103056734e+03 6.816898006778589547e+01 2.235128841100037303e-02 1.175839099807748922e-01 6.002383751214157570e-02 2.101416605698671116e-09 9.748150128150770977e-01
2.581418148764195394e+03 6.818804812678135363e+01 2.234700706418674132e-02 1.175288997432838295e-01 5.956095653376970028e-02 2.096927722148377778e-09 9.748081012254347089e-01
2.585174511262871420e+03 6.825299200488341000e+01 2.234938166640432211e-02 1.175625777958222568e-01 5.791946899950430744e-02 2.102536194064898960e-09 9.762381639768585861e-01
2.582301242338055999e+03 6.812347084706685507e+01 2.236921758666243765e-02 1.174333311874789093e-01 6.013690536862734137e-02 2.099027667432444304e-09 9.757501401900626758e-01
2.584148717281076188e+03 6.812347084706685507e+01 2.236921758666243765e-02 1.174333311874789093e-01 6.013690536862734137e-02 2.099027667432444304e-09 9.757501401900626758e-01
2.584148717281076188e+03 6.812347084706685507e+01 2.236921758666243765e-02 1.174333311874789093e-01 6.013690536862734137e-02 2.099027667432444304e-09 9.757501401900626758e-01
2.584148717281076188e+03 6.812432821969412089e+01 2.240874685467981325e-02 1.175135691130427679e-01 6.011985525417012227e-02 2.100812947604841064e-09 9.757942991254462406e-01
2.582875521995867985e+03 6.812432821969412089e+01 2.240874685467981325e-02 1.175135691130427679e-01 6.011985525417012227e-02 2.100812947604841064e-09 9.757942991254462406e-01
2.582875521995867985e+03 6.814328592707930454e+01 2.242979327413771595e-02 1.174722916329536265e-01 5.957574669795662886e-02 2.093672016162688222e-09 9.755016287418800669e-01
2.590714953260063339e+03 6.818142471971417251e+01 2.245939712038450692e-02 1.174823844206358964e-01 6.075313194240235942e-02 2.100052872108140273e-09 9.755665373666881912e-01
2.588145279172110349e+03 6.818142471971417251e+01 2.245939712038450692e-02 1.174823844206358964e-01 6.075313194240235942e-02 2.100052872108140273e-09 9.755665373666881912e-01
2.588145279172110349e+03 6.819218247052064896e+01 2.244951272273217752e-02 1.175697360374272776e-01 6.047899117504891564e-02 2.100118297276549459e-09 9.762382093922400417e-01
2.585984679831917674e+03 6.817221127182402540e+01 2.249951670222447367e-02 1.176164375326229083e-01 6.015882889276787798e-02 2.103014387214326260e-09 9.766612292761519543e-01
2.583610680461300490e+03 6.817221127182402540e+01 2.249951670222447367e-02 1.176164375326229083e-01 6.015882889276787798e-02 2.103014387214326260e-09 9.766612292761519543e-01
2.583610680461300490e+03 6.826481777463452261e+01 2.252893098874641023e-02 1.176471866728364124e-01 6.094443240553962249e-02 2.108658594946086521e-09 9.766033442185449998e-01
2.582038042553200285e+03 6.826481777463452261e+01 2.252893098874641023e-02 1.176471866728364124e-01 6.094443240553962249e-02 2.108658594946086521e-09 9.766033442185449998e-01
2.582038042553200285e+03 6.826481777463452261e+01 2.252893098874641023e-02 1.176471866728364124e-01 6.094443240553962249e-02 2.108658594946086521e-09 9.766033442185449998e-01
2.582038042553200285e+03 6.826481777463452261e+01 2.252893098874641023e-02 1.176471866728364124e-01 6.094443240553962249e-02 2.108658594946086521e-09 9.766033442185449998e-01
2.582038042553200285e+03 6.826481777463452261e+01 2.252893098874641023e-02 1.176471866728364124e-01 6.094443240553962249e-02 2.108658594946086521e-09 9.766033442185449998e-01
2.582038042553200285e+03 6.826481777463452261e+01 2.252893098874641023e-02 1.176471866728364124e-01 6.094443240553962249e-02 2.108658594946086521e-09 9.766033442185449998e-01
2.582038042553200285e+03 6.826481777463452261e+01 2.252893098874641023e-02 1.176471866728364124e-01 6.094443240553962249e-02 2.108658594946086521e-09 9.766033442185449998e-01
2.582038042553200285e+03 6.826481777463452261e+01 2.252893098874641023e-02 1.176471866728364124e-01 6.094443240553962249e-02 2.108658594946086521e-09 9.766033442185449998e-01
2.582038042553200285e+03 6.826481777463452261e+01 2.252893098874641023e-02 1.176471866728364124e-01 6.094443240553962249e-02 2.108658594946086521e-09 9.766033442185449998e-01
2.582038042553200285e+03 6.835596574557753513e+01 2.254156805143701231e-02 1.179620697731294798e-01 6.114363589146879635e-02 2.114764261604319898e-09 9.767910438744636936e-01
2.581750776847831730e+03 6.835596574557753513e+01 2.254156805143701231e-02 1.179620697731294798e-01 6.114363589146879635e-02 2.114764261604319898e-09 9.767910438744636936e-01
2.581750776847831730e+03 6.835596574557753513e+01 2.254156805143701231e-02 1.179620697731294798e-01 6.114363589146879635e-02 2.114764261604319898e-09 9.767910438744636936e-01
2.581750776847831730e+03 6.835596574557753513e+01 2.254156805143701231e-02 1.179620697731294798e-01 6.114363589146879635e-02 2.114764261604319898e-09 9.767910438744636936e-01
2.581750776847831730e+03 6.835596574557753513e+01 2.254156805143701231e-02 1.179620697731294798e-01 6.114363589146879635e-02 2.114764261604319898e-09 9.767910438744636936e-01
2.581750776847831730e+03 6.835596574557753513e+01 2.254156805143701231e-02 1.179620697731294798e-01 6.114363589146879635e-02 2.114764261604319898e-09 9.767910438744636936e-01
2.581750776847831730e+03 6.835596574557753513e+01 2.254156805143701231e-02 1.179620697731294798e-01 6.114363589146879635e-02 2.114764261604319898e-09 9.767910438744636936e-01
2.581750776847831730e+03 6.835596574557753513e+01 2.254156805143701231e-02 1.179620697731294798e-01 6.114363589146879635e-02 2.114764261604319898e-09 9.767910438744636936e-01
2.581750776847831730e+03 6.835596574557753513e+01 2.254156805143701231e-02 1.179620697731294798e-01 6.114363589146879635e-02 2.114764261604319898e-09 9.767910438744636936e-01
2.581750776847831730e+03 6.832818413363816035e+01 2.256727564416510790e-02 1.180534991644417997e-01 6.087507608312608953e-02 2.114820039526497121e-09 9.769100064705056319e-01
2.583461379644957560e+03 6.820426875935746125e+01 2.248870567387096370e-02 1.178437667746588952e-01 6.031704923974365307e-02 2.107503655906382182e-09 9.771025294730418809e-01
2.582011335558510837e+03 6.814035582931902013e+01 2.245944765277022720e-02 1.178266100020241153e-01 5.957902290024890551e-02 2.101104162117428135e-09 9.760361037438701759e-01
2.582001599811881078e+03 6.814035582931902013e+01 2.245944765277022720e-02 1.178266100020241153e-01 5.957902290024890551e-02 2.101104162117428135e-09 9.760361037438701759e-01
2.582001599811881078e+03 6.814035582931902013e+01 2.245944765277022720e-02 1.178266100020241153e-01 5.957902290024890551e-02 2.101104162117428135e-09 9.760361037438701759e-01
2.582001599811881078e+03 6.812162786962909422e+01 2.242773674990467328e-02 1.178147776262065682e-01 6.026982993280979167e-02 2.106269250261419033e-09 9.754165084289951881e-01
2.579912197376313543e+03 6.818375189409390202e+01 2.239379155691000045e-02 1.177425922798441688e-01 6.090033859275483658e-02 2.107208160285299844e-09 9.745880928414204503e-01
2.580156573092515828e+03 6.818375189409390202e+01 2.239379155691000045e-02 1.177425922798441688e-01 6.090033859275483658e-02 2.107208160285299844e-09 9.745880928414204503e-01
2.580156573092515828e+03 6.818375189409390202e+01 2.239379155691000045e-02 1.177425922798441688e-01 6.090033859275483658e-02 2.107208160285299844e-09 9.745880928414204503e-01
2.580156573092515828e+03 6.831092824622105297e+01 2.238679034109390328e-02 1.180974450677029775e-01 5.920078136790541540e-02 2.115297780774136788e-09 9.745883733363303048e-01
2.585322189318616438e+03 6.831092824622105297e+01 2.238679034109390328e-02 1.180974450677029775e-01 5.920078136790541540e-02 2.115297780774136788e-09 9.745883733363303048e-01
2.585322189318616438e+03 6.827652409123714961e+01 2.234872704752704359e-02 1.184075439840594213e-01 6.069210035837054040e-02 2.110953057574022385e-09 9.755555991468269905e-01
2.585136276043007456e+03 6.827652409123714961e+01 2.234872704752704359e-02 1.184075439840594213e-01 6.069210035837054040e-02 2.110953057574022385e-09 9.755555991468269905e-01
2.585136276043007456e+03 6.829356750348141247e+01 2.235303422274195415e-02 1.185674140658962705e-01 5.875779140334404238e-02 2.111832684454655129e-09 9.755898748872819937e-01
2.585886378143291950e+03 6.829356750348141247e+01 2.235303422274195415e-02 1.185674140658962705e-01 5.875779140334404238e-02 2.111832684454655129e-09 9.755898748872819937e-01
2.585886378143291950e+03 6.829356750348141247e+01 2.235303422274195415e-02 1.185674140658962705e-01 5.875779140334404238e-02 2.111832684454655129e-09 9.755898748872819937e-01
2.585886378143291950e+03 6.838334385898110668e+01 2.233361933129779722e-02 1.182903660851087890e-01 5.922511279417336932e-02 2.104880138556275848e-09 9.757867555785688651e-01
2.587416611713175371e+03 6.833767841745896021e+01 2.232896726491740910e-02 1.181452096969181631e-01 5.935122025952672964e-02 2.107417054885185635e-09 9.763266626565628714e-01
2.582367163139062086e+03 6.821764458049302959e+01 2.228191690817432624e-02 1.180222943232827337e-01 5.948285471878403396e-02 2.107179849632710002e-09 9.756848773860611335e-01
2.579672959703540073e+03 6.821764458049302959e+01 2.228191690817432624e-02 1.180222943232827337e-01 5.948285471878403396e-02 2.107179849632710002e-09 9.756848773860611335e-01
2.579672959703540073e+03 6.821764458049302959e+01 2.228191690817432624e-02 1.180222943232827337e-01 5.948285471878403396e-02 2.107179849632710002e-09 9.756848773860611335e-01
2.579672959703540073e+03 6.808521859225061235e+01 2.230304972050178858e-02 1.178557739873231230e-01 6.016339276779759243e-02 2.111812751644730380e-09 9.752717948615861054e-01
2.579760382502701304e+03 6.808521859225061235e+01 2.230304972050178858e-02 1.178557739873231230e-01 6.016339276779759243e-02 2.111812751644730380e-09 9.752717948615861054e-01
2.579760382502701304e+03 6.808521859225061235e+01 2.230304972050178858e-02 1.178557739873231230e-01 6.016339276779759243e-02 2.111812751644730380e-09 9.752717948615861054e-01
2.579760382502701304e+03 6.808521859225061235e+01 2.230304972050178858e-02 1.178557739873231230e-01 6.016339276779759243e-02 2.111812751644730380e-09 9.752717948615861054e-01
2.579760382502701304e+03 6.816856255047866853e+01 2.226582114372651841e-02 1.179452319631876939e-01 6.066961950223846711e-02 2.109830833216728922e-09 9.748123025807126085e-01
2.579272264170118433e+03 6.816856255047866853e+01 2.226582114372651841e-02 1.179452319631876939e-01 6.066961950223846711e-02 2.109830833216728922e-09 9.748123025807126085e-01
2.579272264170118433e+03 6.816856255047866853e+01 2.226582114372651841e-02 1.179452319631876939e-01 6.066961950223846711e-02 2.109830833216728922e-09 9.748123025807126085e-01
2.579272264170118433e+03 6.816856255047866853e+01 2.226582114372651841e-02 1.179452319631876939e-01 6.066961950223846711e-02 2.109830833216728922e-09 9.748123025807126085e-01
2.579272264170118433e+03 6.816856255047866853e+01 2.226582114372651841e-02 1.179452319631876939e-01 6.066961950223846711e-02 2.109830833216728922e-09 9.748123025807126085e-01
2.579272264170118433e+03 6.823931407682782435e+01 2.228510238722191533e-02 1.178124661502062409e-01 6.115442789397117218e-02 2.118120763236828664e-09 9.744744913982430479e-01
2.579520631663561289e+03 6.823931407682782435e+01 2.228510238722191533e-02 1.178124661502062409e-01 6.115442789397117218e-02 2.118120763236828664e-09 9.744744913982430479e-01
2.579520631663561289e+03 6.823931407682782435e+01 2.228510238722191533e-02 1.178124661502062409e-01 6.115442789397117218e-02 2.118120763236828664e-09 9.744744913982430479e-01
2.579520631663561289e+03 6.823931407682782435e+01 2.228510238722191533e-02 1.178124661502062409e-01 6.115442789397117218e-02 2.118120763236828664e-09 9.744744913982430479e-01
2.579520631663561289e+03 6.830993085390188924e+01 2.230159773606927090e-02 1.177935428879002822e-01 6.031171232349019640e-02 2.113687396678693616e-09 9.746715302604054276e-01
2.579315427489126250e+03 6.830993085390188924e+01 2.230159773606927090e-02 1.177935428879002822e-01 6.031171232349019640e-02 2.113687396678693616e-09 9.746715302604054276e-01
2.579315427489126250e+03 6.827846914765521547e+01 2.234633098880341867e-02 1.176580902198545997e-01 6.024434924844897232e-02 2.112276506928903827e-09 9.746285901613586100e-01
2.578427968551549384e+03 6.827846914765521547e+01 2.234633098880341867e-02 1.176580902198545997e-01 6.024434924844897232e-02 2.112276506928903827e-09 9.746285901613586100e-01
2.578427968551549384e+03 6.827846914765521547e+01 2.234633098880341867e-02 1.176580902198545997e-01 6.024434924844897232e-02 2.112276506928903827e-09 9.746285901613586100e-01
2.578427968551549384e+03 6.827846914765521547e+01 2.234633098880341867e-02 1.176580902198545997e-01 6.024434924844897232e-02 2.112276506928903827e-09 9.746285901613586100e-01
2.578427968551549384e+03 6.827846914765521547e+01 2.234633098880341867e-02 1.176580902198545997e-01 6.024434924844897232e-02 2.112276506928903827e-09 9.746285901613586100e-01
2.578427968551549384e+03 6.827846914765521547e+01 2.234633098880341867e-02 1.176580902198545997e-01 6.024434924844897232e-02 2.112276506928903827e-09 9.746285901613586100e-01
2.578427968551549384e+03 6.827846914765521547e+01 2.234633098880341867e-02 1.176580902198545997e-01 6.024434924844897232e-02 2.112276506928903827e-09 9.746285901613586100e-01
2.578427968551549384e+03 6.827846914765521547e+01 2.234633098880341867e-02 1.176580902198545997e-01 6.024434924844897232e-02 2.112276506928903827e-09 9.746285901613586100e-01
2.578427968551549384e+03 6.827846914765521547e+01 2.234633098880341867e-02 1.176580902198545997e-01 6.024434924844897232e-02 2.112276506928903827e-09 9.746285901613586100e-01
2.578427968551549384e+03 6.817570629698531093e+01 2.235734224993600819e-02 1.177104254859273058e-01 5.985498548545670205e-02 2.105937128359609549e-09 9.742920409356260469e-01
2.577783704188083902e+03 6.817002994629091006e+01 2.237497218842759983e-02 1.177752292725209454e-01 6.005027885199124699e-02 2.109339696713454660e-09 9.749893583270492492e-01
2.578341961044357049e+03 6.817002994629091006e+01 2.237497218842759983e-02 1.177752292725209454e-01 6.005027885199124699e-02 2.109339696713454660e-09 9.749893583270492492e-01
2.578341961044357049e+03 6.817002994629091006e+01 2.237497218842759983e-02 1.177752292725209454e-01 6.005027885199124699e-02 2.109339696713454660e-09 9.749893583270492492e-01
2.578341961044357049e+03 6.817002994629091006e+01 2.237497218842759983e-02 1.177752292725209454e-01 6.005027885199124699e-02 2.109339696713454660e-09 9.749893583270492492e-01
2.578341961044357049e+03 6.817002994629091006e+01 2.237497218842759983e-02 1.177752292725209454e-01 6.005027885199124699e-02 2.109339696713454660e-09 9.749893583270492492e-01
2.578341961044357049e+03 6.817002994629091006e+01 2.237497218842759983e-02 1.177752292725209454e-01 6.005027885199124699e-02 2.109339696713454660e-09 9.749893583270492492e-01
2.578341961044357049e+03 6.817002994629091006e+01 2.237497218842759983e-02 1.177752292725209454e-01 6.005027885199124699e-02 2.109339696713454660e-09 9.749893583270492492e-01
2.578341961044357049e+03 6.817002994629091006e+01 2.237497218842759983e-02 1.177752292725209454e-01 6.005027885199124699e-02 2.109339696713454660e-09 9.749893583270492492e-01
2.578341961044357049e+03 6.817002994629091006e+01 2.237497218842759983e-02 1.177752292725209454e-01 6.005027885199124699e-02 2.109339696713454660e-09 9.749893583270492492e-01
2.578341961044357049e+03 6.817002994629091006e+01 2.237497218842759983e-02 1.177752292725209454e-01 6.005027885199124699e-02 2.109339696713454660e-09 9.749893583270492492e-01
2.578341961044357049e+03 6.817002994629091006e+01 2.237497218842759983e-02 1.177752292725209454e-01 6.005027885199124699e-02 2.109339696713454660e-09 9.749893583270492492e-01
2.578341961044357049e+03 6.817002994629091006e+01 2.237497218842759983e-02 1.177752292725209454e-01 6.005027885199124699e-02 2.109339696713454660e-09 9.749893583270492492e-01
2.578341961044357049e+03 6.817002994629091006e+01 2.237497218842759983e-02 1.177752292725209454e-01 6.005027885199124699e-02 2.109339696713454660e-09 9.749893583270492492e-01
2.578341961044357049e+03 6.825451935656867875e+01 2.236190353469166836e-02 1.178895107975252016e-01 6.055073477786776515e-02 2.109754562680761386e-09 9.742107171913247932e-01
2.578582017444633948e+03 6.825451935656867875e+01 2.236190353469166836e-02 1.178895107975252016e-01 6.055073477786776515e-02 2.109754562680761386e-09 9.742107171913247932e-01
2.578582017444633948e+03 6.825451935656867875e+01 2.236190353469166836e-02 1.178895107975252016e-01 6.055073477786776515e-02 2.109754562680761386e-09 9.742107171913247932e-01
2.578582017444633948e+03 6.825451935656867875e+01 2.236190353469166836e-02 1.178895107975252016e-01 6.055073477786776515e-02 2.109754562680761386e-09 9.742107171913247932e-01
2.578582017444633948e+03 6.821509358743261942e+01 2.235575599577687908e-02 1.179707395908391881e-01 6.037007564794882875e-02 2.110025469633913317e-09 9.743050875577873304e-01
2.578154761645849248e+03 6.821509358743261942e+01 2.235575599577687908e-02 1.179707395908391881e-01 6.037007564794882875e-02 2.110025469633913317e-09 9.743050875577873304e-01
2.578154761645849248e+03 6.821509358743261942e+01 2.235575599577687908e-02 1.179707395908391881e-01 6.037007564794882875e-02 2.110025469633913317e-09 9.743050875577873304e-01
2.578154761645849248e+03 6.829411932149783127e+01 2.235094498525439996e-02 1.182629613806320118e-01 5.917928032441296948e-02 2.110418651850024824e-09 9.741643287125522077e-01
2.580758330723314430e+03 6.829411932149783127e+01 2.235094498525439996e-02 1.182629613806320118e-01 5.917928032441296948e-02 2.110418651850024824e-09 9.741643287125522077e-01
2.580758330723314430e+03 6.829411932149783127e+01 2.235094498525439996e-02 1.182629613806320118e-01 5.917928032441296948e-02 2.110418651850024824e-09 9.741643287125522077e-01
2.580758330723314430e+03 6.819738128689077428e+01 2.239149520280166519e-02 1.184110802637200061e-01 6.074378157542011103e-02 2.110676289873296414e-09 9.738572795046704922e-01
2.583359350313069626e+03 6.837808237496248864e+01 2.238327357978053128e-02 1.182817891123564141e-01 5.958089597658980385e-02 2.109017997174389497e-09 9.734304643683747704e-01
2.584088783702229193e+03 6.849778261433478121e+01 2.237396883650605989e-02 1.179115687946726276e-01 5.839515557856551908e-02 2.107104714111712150e-09 9.745238230083630437e-01
2.582142574174826223e+03 6.842575277894789565e+01 2.236235769495568265e-02 1.178174187672728496e-01 5.754120481232662121e-02 2.098347741585951486e-09 9.743999000266617694e-01
2.580588504337281847e+03 6.842575277894789565e+01 2.236235769495568265e-02 1.178174187672728496e-01 5.754120481232662121e-02 2.098347741585951486e-09 9.743999000266617694e-01
2.580588504337281847e+03 6.842575277894789565e+01 2.236235769495568265e-02 1.178174187672728496e-01 5.754120481232662121e-02 2.098347741585951486e-09 9.743999000266617694e-01
2.580588504337281847e+03 6.842575277894789565e+01 2.236235769495568265e-02 1.178174187672728496e-01 5.754120481232662121e-02 2.098347741585951486e-09 9.743999000266617694e-01
2.580588504337281847e+03 6.842575277894789565e+01 2.236235769495568265e-02 1.178174187672728496e-01 5.754120481232662121e-02 2.098347741585951486e-09 9.743999000266617694e-01
2.580588504337281847e+03 6.842575277894789565e+01 2.236235769495568265e-02 1.178174187672728496e-01 5.754120481232662121e-02 2.098347741585951486e-09 9.743999000266617694e-01
2.580588504337281847e+03 6.842633164162097614e+01 2.231852554871208844e-02 1.176520383831763938e-01 5.800332118054112029e-02 2.099019096734456562e-09 9.749864384553695862e-01
2.580305838344084805e+03 6.839819854209525829e+01 2.235820889415163909e-02 1.173602074240750748e-01 5.708903102126347551e-02 2.099955851079019240e-09 9.748302477427974733e-01
2.580557042495870064e+03 6.839819854209525829e+01 2.235820889415163909e-02 1.173602074240750748e-01 5.708903102126347551e-02 2.099955851079019240e-09 9.748302477427974733e-01
2.580557042495870064e+03 6.831064786551584689e+01 2.237543609989110435e-02 1.173675833827411003e-01 5.841118465238134827e-02 2.097186976081026771e-09 9.750426984926174878e-01
2.578519751413206450e+03 6.831064786551584689e+01 2.237543609989110435e-02 1.173675833827411003e-01 5.841118465238134827e-02 2.097186976081026771e-09 9.750426984926174878e-01
2.578519751413206450e+03 6.820999891016401762e+01 2.235612365753619074e-02 1.171771829708682378e-01 5.901389521348252010e-02 2.100243894759205096e-09 9.754948587007766792e-01
2.580059543184120230e+03 6.820999891016401762e+01 2.235612365753619074e-02 1.171771829708682378e-01 5.901389521348252010e-02 2.100243894759205096e-09 9.754948587007766792e-01
2.580059543184120230e+03 6.843418776576395146e+01 2.234081396320061405e-02 1.172236520621912498e-01 5.859041942434626421e-02 2.104098323322822328e-09 9.759375046091350869e-01
2.580242453069624389e+03 6.843418776576395146e+01 2.234081396320061405e-02 1.172236520621912498e-01 5.859041942434626421e-02 2.104098323322822328e-09 9.759375046091350869e-01
2.580242453069624389e+03 6.833548063929815441e+01 2.233501835001614616e-02 1.171417043234630057e-01 6.022749777858744935e-02 2.101016009972167501e-09 9.760133240915408459e-01
2.580280218913494991e+03 6.833548063929815441e+01 2.233501835001614616e-02 1.171417043234630057e-01 6.022749777858744935e-02 2.101016009972167501e-09 9.760133240915408459e-01
2.580280218913494991e+03 6.833548063929815441e+01 2.233501835001614616e-02 1.171417043234630057e-01 6.022749777858744935e-02 2.101016009972167501e-09 9.760133240915408459e-01
2.580280218913494991e+03 6.833548063929815441e+01 2.233501835001614616e-02 1.171417043234630057e-01 6.022749777858744935e-02 2.101016009972167501e-09 9.760133240915408459e-01
2.580280218913494991e+03 6.834709828499853757e+01 2.232090028812740504e-02 1.171581114256100564e-01 5.952862434002835490e-02 2.106268265072608706e-09 9.761497680457401627e-01
2.580141419447566477e+03 6.834709828499853757e+01 2.232090028812740504e-02 1.171581114256100564e-01 5.952862434002835490e-02 2.106268265072608706e-09 9.761497680457401627e-01
2.580141419447566477e+03 6.834709828499853757e+01 2.232090028812740504e-02 1.171581114256100564e-01 5.952862434002835490e-02 2.106268265072608706e-09 9.761497680457401627e-01
2.580141419447566477e+03 6.834709828499853757e+01 2.232090028812740504e-02 1.171581114256100564e-01 5.952862434002835490e-02 2.106268265072608706e-09 9.761497680457401627e-01
2.580141419447566477e+03 6.844942782974595730e+01 2.227966691822656081e-02 1.168889213398849602e-01 5.786023202566324686e-02 2.099931538295649397e-09 9.753221004867901334e-01
2.580234324439716602e+03 6.844942782974595730e+01 2.227966691822656081e-02 1.168889213398849602e-01 5.786023202566324686e-02 2.099931538295649397e-09 9.753221004867901334e-01
2.580234324439716602e+03 6.858300920112360188e+01 2.229126685063138533e-02 1.167357791434507630e-01 5.920654265285404949e-02 2.105966516043370680e-09 9.755778506880561363e-01
2.580830171965866612e+03 6.846246197023303637e+01 2.229536817555907019e-02 1.168328234290359063e-01 5.969829715110722829e-02 2.105967350030170896e-09 9.764072032327572037e-01
2.580269454075681097e+03 6.839961587473500515e+01 2.224110668846357095e-02 1.168990968496994159e-01 6.135176328254565020e-02 2.107555089193727159e-09 9.755808270956602968e-01
2.578698474938663821e+03 6.846679141949263681e+01 2.224807757273494085e-02 1.169119877087288206e-01 6.094973362585544979e-02 2.109042562808261861e-09 9.751834224914167626e-01
2.578090325008563923e+03 6.859306047097209103e+01 2.228570366505512601e-02 1.167966984696475335e-01 5.962743442398227983e-02 2.104230398574594101e-09 9.750509090584905669e-01
2.578329997975950846e+03 6.859306047097209103e+01 2.228570366505512601e-02 1.167966984696475335e-01 5.962743442398227983e-02 2.104230398574594101e-09 9.750509090584905669e-01
2.578329997975950846e+03 6.852757204039266981e+01 2.228365426809370692e-02 1.169412985353909806e-01 5.935379093667904338e-02 2.102139990156073367e-09 9.748371531379413923e-01
2.578402776617645486e+03 6.852757204039266981e+01 2.228365426809370692e-02 1.169412985353909806e-01 5.935379093667904338e-02 2.102139990156073367e-09 9.748371531379413923e-01
2.578402776617645486e+03 6.848099629093873375e+01 2.232527618106908487e-02 1.169642019763918184e-01 5.970041734563231312e-02 2.102346300217941766e-09 9.743375455303995292e-01
2.578290406457554127e+03 6.847222251571308504e+01 2.235437008088936653e-02 1.170568491002187544e-01 5.827898961292534569e-02 2.099444276131962401e-09 9.747378243230798711e-01
2.577561523830486749e+03 6.847222251571308504e+01 2.235437008088936653e-02 1.170568491002187544e-01 5.827898961292534569e-02 2.099444276131962401e-09 9.747378243230798711e-01
2.577561523830486749e+03 6.847222251571308504e+01 2.235437008088936653e-02 1.170568491002187544e-01 5.827898961292534569e-02 2.099444276131962401e-09 9.747378243230798711e-01
2.577561523830486749e+03 6.847222251571308504e+01 2.235437008088936653e-02 1.170568491002187544e-01 5.827898961292534569e-02 2.099444276131962401e-09 9.747378243230798711e-01
2.577561523830486749e+03 6.842735503659015706e+01 2.234942280229497424e-02 1.171542186300892907e-01 5.673000596544082452e-02 2.094600890378865491e-09 9.749814991774639061e-01
2.578290195294997829e+03 6.842735503659015706e+01 2.234942280229497424e-02 1.171542186300892907e-01 5.673000596544082452e-02 2.094600890378865491e-09 9.749814991774639061e-01
2.578290195294997829e+03 6.842735503659015706e+01 2.234942280229497424e-02 1.171542186300892907e-01 5.673000596544082452e-02 2.094600890378865491e-09 9.749814991774639061e-01
2.578290195294997829e+03 6.842735503659015706e+01 2.234942280229497424e-02 1.171542186300892907e-01 5.673000596544082452e-02 2.094600890378865491e-09 9.749814991774639061e-01
2.578290195294997829e+03 6.842735503659015706e+01 2.234942280229497424e-02 1.171542186300892907e-01 5.673000596544082452e-02 2.094600890378865491e-09 9.749814991774639061e-01
2.578290195294997829e+03 6.842735503659015706e+01 2.234942280229497424e-02 1.171542186300892907e-01 5.673000596544082452e-02 2.094600890378865491e-09 9.749814991774639061e-01
2.578290195294997829e+03 6.842735503659015706e+01 2.234942280229497424e-02 1.171542186300892907e-01 5.673000596544082452e-02 2.094600890378865491e-09 9.749814991774639061e-01
2.578290195294997829e+03 6.842735503659015706e+01 2.234942280229497424e-02 1.171542186300892907e-01 5.673000596544082452e-02 2.094600890378865491e-09 9.749814991774639061e-01
2.578290195294997829e+03 6.842735503659015706e+01 2.234942280229497424e-02 1.171542186300892907e-01 5.673000596544082452e-02 2.094600890378865491e-09 9.749814991774639061e-01
2.578290195294997829e+03 6.842735503659015706e+01 2.234942280229497424e-02 1.171542186300892907e-01 5.673000596544082452e-02 2.094600890378865491e-09 9.749814991774639061e-01
2.578290195294997829e+03 6.836574037270247572e+01 2.236564184357454910e-02 1.174344877977093332e-01 5.581325178965082512e-02 2.089385917080836999e-09 9.753813073571993009e-01
2.578047591969942005e+03 6.836574037270247572e+01 2.236564184357454910e-02 1.174344877977093332e-01 5.581325178965082512e-02 2.089385917080836999e-09 9.753813073571993009e-01
2.578047591969942005e+03 6.836574037270247572e+01 2.236564184357454910e-02 1.174344877977093332e-01 5.581325178965082512e-02 2.089385917080836999e-09 9.753813073571993009e-01
2.578047591969942005e+03 6.836574037270247572e+01 2.236564184357454910e-02 1.174344877977093332e-01 5.581325178965082512e-02 2.089385917080836999e-09 9.753813073571993009e-01
2.578047591969942005e+03 6.836574037270247572e+01 2.236564184357454910e-02 1.174344877977093332e-01 5.581325178965082512e-02 2.089385917080836999e-09 9.753813073571993009e-01
2.578047591969942005e+03 6.836574037270247572e+01 2.236564184357454910e-02 1.174344877977093332e-01 5.581325178965082512e-02 2.089385917080836999e-09 9.753813073571993009e-01
2.578047591969942005e+03 6.826860035996784859e+01 2.234165315880812241e-02 1.173694914348903107e-01 5.747076824282101176e-02 2.091283407995279324e-09 9.748984282912782628e-01
2.580084672167687131e+03 6.823687475705622774e+01 2.234839370346027726e-02 1.170690976832469699e-01 5.617416849334869872e-02 2.088773722145382711e-09 9.756275047277133128e-01
2.580744107131269175e+03 6.823262048058923313e+01 2.232459616846497324e-02 1.170866546572689182e-01 5.693225255066098472e-02 2.088744299238765629e-09 9.755356170240012670e-01
2.579970401115276218e+03 6.823262048058923313e+01 2.232459616846497324e-02 1.170866546572689182e-01 5.693225255066098472e-02 2.088744299238765629e-09 9.755356170240012670e-01
2.579970401115276218e+03 6.823262048058923313e+01 2.232459616846497324e-02 1.170866546572689182e-01 5.693225255066098472e-02 2.088744299238765629e-09 9.755356170240012670e-01
2.579970401115276218e+03 6.823669778246699025e+01 2.232946493515955075e-02 1.173271730224426518e-01 5.847100801394492647e-02 2.094732064895302778e-09 9.754671113409996153e-01
2.580213872522293968e+03 6.823669778246699025e+01 2.232946493515955075e-02 1.173271730224426518e-01 5.847100801394492647e-02 2.094732064895302778e-09 9.754671113409996153e-01
2.580213872522293968e+03 6.823621435567046944e+01 2.231413266254268432e-02 1.172038058504744212e-01 5.870460359084467977e-02 2.101373458312622956e-09 9.760866665629150951e-01
2.580413623214761628e+03 6.823621435567046944e+01 2.231413266254268432e-02 1.172038058504744212e-01 5.870460359084467977e-02 2.101373458312622956e-09 9.760866665629150951e-01
2.580413623214761628e+03 6.835049461579366437e+01 2.234849894710841736e-02 1.172857065515297836e-01 5.734706851747423811e-02 2.095075809222646592e-09 9.757958940896960254e-01
2.578204784197013396e+03 6.841013153390944979e+01 2.233108747112867720e-02 1.169331739375051582e-01 5.839421325490867787e-02 2.097064470364876867e-09 9.751463685110963731e-01
2.577974201287641790e+03 6.840333228920336239e+01 2.233873274526720562e-02 1.171030379335702698e-01 5.847583404963398873e-02 2.095756693386162839e-09 9.747196036044942780e-01
2.579216462494776806e+03 6.840333228920336239e+01 2.233873274526720562e-02 1.171030379335702698e-01 5.847583404963398873e-02 2.095756693386162839e-09 9.747196036044942780e-01
2.579216462494776806e+03 6.840333228920336239e+01 2.233873274526720562e-02 1.171030379335702698e-01 5.847583404963398873e-02 2.095756693386162839e-09 9.747196036044942780e-01
2.579216462494776806e+03 6.831617147498049292e+01 2.230293612431954661e-02 1.171681231130212719e-01 5.801391836620537618e-02 2.102214010715853474e-09 9.749560407782243976e-01
2.581089554358409259e+03 6.831617147498049292e+01 2.230293612431954661e-02 1.171681231130212719e-01 5.801391836620537618e-02 2.102214010715853474e-09 9.749560407782243976e-01
2.581089554358409259e+03 6.844707363832343106e+01 2.234979055677396506e-02 1.172761095378540008e-01 5.909186319370017537e-02 2.106661926516225408e-09 9.754224854381992049e-01
2.579552150107019770e+03 6.835254905670838355e+01 2.240251061614280045e-02 1.173550336839681019e-01 5.908235955162933345e-02 2.103006900251936471e-09 9.749827091109950494e-01
2.577845661432383167e+03 6.835254905670838355e+01 2.240251061614280045e-02 1.173550336839681019e-01 5.908235955162933345e-02 2.103006900251936471e-09 9.749827091109950494e-01
2.577845661432383167e+03 6.835254905670838355e+01 2.240251061614280045e-02 1.173550336839681019e-01 5.908235955162933345e-02 2.103006900251936471e-09 9.749827091109950494e-01
2.577845661432383167e+03 6.835254905670838355e+01 2.240251061614280045e-02 1.173550336839681019e-01 5.908235955162933345e-02 2.103006900251936471e-09 9.749827091109950494e-01
2.577845661432383167e+03 6.835254905670838355e+01 2.240251061614280045e-02 1.173550336839681019e-01 5.908235955162933345e-02 2.103006900251936471e-09 9.749827091109950494e-01
2.577845661432383167e+03 6.835254905670838355e+01 2.240251061614280045e-02 1.173550336839681019e-01 5.908235955162933345e-02 2.103006900251936471e-09 9.749827091109950494e-01
2.577845661432383167e+03 6.835254905670838355e+01 2.240251061614280045e-02 1.173550336839681019e-01 5.908235955162933345e-02 2.103006900251936471e-09 9.749827091109950494e-01
2.577845661432383167e+03 6.835254905670838355e+01 2.240251061614280045e-02 1.173550336839681019e-01 5.908235955162933345e-02 2.103006900251936471e-09 9.749827091109950494e-01
2.577845661432383167e+03 6.835254905670838355e+01 2.240251061614280045e-02 1.173550336839681019e-01 5.908235955162933345e-02 2.103006900251936471e-09 9.749827091109950494e-01
2.577845661432383167e+03 6.837536786762710506e+01 2.247531343437361023e-02 1.175148041107835217e-01 5.996555873765366945e-02 2.107180230862769797e-09 9.744825721581278355e-01
2.578008064001995990e+03 6.837536786762710506e+01 2.247531343437361023e-02 1.175148041107835217e-01 5.996555873765366945e-02 2.107180230862769797e-09 9.744825721581278355e-01
2.578008064001995990e+03 6.834653733184275382e+01 2.249869780290183335e-02 1.174731550299177446e-01 5.973045276136249027e-02 2.107274376309797954e-09 9.742452940339711986e-01
2.578819384624433042e+03 6.834653733184275382e+01 2.249869780290183335e-02 1.174731550299177446e-01 5.973045276136249027e-02 2.107274376309797954e-09 9.742452940339711986e-01
2.578819384624433042e+03 6.840023981957492083e+01 2.245729745569236338e-02 1.174236091901992990e-01 6.040076837366198381e-02 2.107767267271567590e-09 9.745735631667530319e-01
2.577943657465829801e+03 6.840023981957492083e+01 2.245729745569236338e-02 1.174236091901992990e-01 6.040076837366198381e-02 2.107767267271567590e-09 9.745735631667530319e-01
2.577943657465829801e+03 6.840023981957492083e+01 2.245729745569236338e-02 1.174236091901992990e-01 6.040076837366198381e-02 2.107767267271567590e-09 9.745735631667530319e-01
2.577943657465829801e+03 6.840023981957492083e+01 2.245729745569236338e-02 1.174236091901992990e-01 6.040076837366198381e-02 2.107767267271567590e-09 9.745735631667530319e-01
2.577943657465829801e+03 6.846218294836677387e+01 2.245928642389192001e-02 1.174586533204145244e-01 5.977021040712082040e-02 2.105593329890730797e-09 9.750971355360695814e-01
2.578128265853954872e+03 6.846218294836677387e+01 2.245928642389192001e-02 1.174586533204145244e-01 5.977021040712082040e-02 2.105593329890730797e-09 9.750971355360695814e-01
2.578128265853954872e+03 6.851400899803131495e+01 2.247443596503316196e-02 1.173142125445768985e-01 5.958993159594157957e-02 2.105952702714786281e-09 9.746267338092959864e-01
2.577778128756855494e+03 6.851400899803131495e+01 2.247443596503316196e-02 1.173142125445768985e-01 5.958993159594157957e-02 2.105952702714786281e-09 9.746267338092959864e-01
2.577778128756855494e+03 6.851400899803131495e+01 2.247443596503316196e-02 1.173142125445768985e-01 5.958993159594157957e-02 2.105952702714786281e-09 9.746267338092959864e-01
2.577778128756855494e+03 6.851400899803131495e+01 2.247443596503316196e-02 1.173142125445768985e-01 5.958993159594157957e-02 2.105952702714786281e-09 9.746267338092959864e-01
2.577778128756855494e+03 6.851400899803131495e+01 2.247443596503316196e-02 1.173142125445768985e-01 5.958993159594157957e-02 2.105952702714786281e-09 9.746267338092959864e-01
2.577778128756855494e+03 6.851400899803131495e+01 2.247443596503316196e-02 1.173142125445768985e-01 5.958993159594157957e-02 2.105952702714786281e-09 9.746267338092959864e-01
2.577778128756855494e+03 6.851400899803131495e+01 2.247443596503316196e-02 1.173142125445768985e-01 5.958993159594157957e-02 2.105952702714786281e-09 9.746267338092959864e-01
2.577778128756855494e+03 6.851400899803131495e+01 2.247443596503316196e-02 1.173142125445768985e-01 5.958993159594157957e-02 2.105952702714786281e-09 9.746267338092959864e-01
2.577778128756855494e+03 6.851400899803131495e+01 2.247443596503316196e-02 1.173142125445768985e-01 5.958993159594157957e-02 2.105952702714786281e-09 9.746267338092959864e-01
2.577778128756855494e+03 6.843472254390231058e+01 2.250435344484060310e-02 1.174337204961224818e-01 5.830394390491178830e-02 2.100610677438137247e-09 9.743169222773124805e-01
2.578237382140013324e+03 6.843472254390231058e+01 2.250435344484060310e-02 1.174337204961224818e-01 5.830394390491178830e-02 2.100610677438137247e-09 9.743169222773124805e-01
2.578237382140013324e+03 6.843472254390231058e+01 2.250435344484060310e-02 1.174337204961224818e-01 5.830394390491178830e-02 2.100610677438137247e-09 9.743169222773124805e-01
2.578237382140013324e+03 6.843472254390231058e+01 2.250435344484060310e-02 1.174337204961224818e-01 5.830394390491178830e-02 2.100610677438137247e-09 9.743169222773124805e-01
2.578237382140013324e+03 6.843472254390231058e+01 2.250435344484060310e-02 1.174337204961224818e-01 5.830394390491178830e-02 2.100610677438137247e-09 9.743169222773124805e-01
2.578237382140013324e+03 6.843472254390231058e+01 2.250435344484060310e-02 1.174337204961224818e-01 5.830394390491178830e-02 2.100610677438137247e-09 9.743169222773124805e-01
2.578237382140013324e+03 6.843472254390231058e+01 2.250435344484060310e-02 1.174337204961224818e-01 5.830394390491178830e-02 2.100610677438137247e-09 9.743169222773124805e-01
2.578237382140013324e+03 6.841498951294742881e+01 2.249095951355124801e-02 1.173516381149797561e-01 5.988470111702059312e-02 2.106486907408871537e-09 9.741754221557407112e-01
2.578125963224915267e+03 6.841498951294742881e+01 2.249095951355124801e-02 1.173516381149797561e-01 5.988470111702059312e-02 2.106486907408871537e-09 9.741754221557407112e-01
2.578125963224915267e+03 6.841498951294742881e+01 2.249095951355124801e-02 1.173516381149797561e-01 5.988470111702059312e-02 2.106486907408871537e-09 9.741754221557407112e-01
2.578125963224915267e+03 6.841498951294742881e+01 2.249095951355124801e-02 1.173516381149797561e-01 5.988470111702059312e-02 2.106486907408871537e-09 9.741754221557407112e-01
2.578125963224915267e+03 6.841498951294742881e+01 2.249095951355124801e-02 1.173516381149797561e-01 5.988470111702059312e-02 2.106486907408871537e-09 9.741754221557407112e-01
2.578125963224915267e+03 6.841498951294742881e+01 2.249095951355124801e-02 1.173516381149797561e-01 5.988470111702059312e-02 2.106486907408871537e-09 9.741754221557407112e-01
2.578125963224915267e+03 6.853175109650206309e+01 2.246200876168864824e-02 1.176543728580633774e-01 6.085092766586997631e-02 2.109280528603782884e-09 9.748300031215897388e-01
2.581267042119301550e+03 6.853175109650206309e+01 2.246200876168864824e-02 1.176543728580633774e-01 6.085092766586997631e-02 2.109280528603782884e-09 9.748300031215897388e-01
2.581267042119301550e+03 6.853175109650206309e+01 2.246200876168864824e-02 1.176543728580633774e-01 6.085092766586997631e-02 2.109280528603782884e-09 9.748300031215897388e-01
2.581267042119301550e+03 6.853175109650206309e+01 2.246200876168864824e-02 1.176543728580633774e-01 6.085092766586997631e-02 2.109280528603782884e-09 9.748300031215897388e-01
2.581267042119301550e+03 6.866702676211937728e+01 2.251361721316823619e-02 1.175238418511527078e-01 6.025780732136155199e-02 2.108712756209815152e-09 9.749528071671544893e-01
2.580512815939492157e+03 6.866702676211937728e+01 2.251361721316823619e-02 1.175238418511527078e-01 6.025780732136155199e-02 2.108712756209815152e-09 9.749528071671544893e-01
2.580512815939492157e+03 6.866702676211937728e+01 2.251361721316823619e-02 1.175238418511527078e-01 6.025780732136155199e-02 2.108712756209815152e-09 9.749528071671544893e-01
2.580512815939492157e+03 6.857831640436414489e+01 2.253078773580744279e-02 1.174884945866646740e-01 5.994144318972648156e-02 2.110023928101008433e-09 9.745017967053912766e-01
2.578658538959453381e+03 6.857831640436414489e+01 2.253078773580744279e-02 1.174884945866646740e-01 5.994144318972648156e-02 2.110023928101008433e-09 9.745017967053912766e-01
2.578658538959453381e+03 6.857831640436414489e+01 2.253078773580744279e-02 1.174884945866646740e-01 5.994144318972648156e-02 2.110023928101008433e-09 9.745017967053912766e-01
2.578658538959453381e+03 6.857831640436414489e+01 2.253078773580744279e-02 1.174884945866646740e-01 5.994144318972648156e-02 2.110023928101008433e-09 9.745017967053912766e-01
2.578658538959453381e+03 6.857831640436414489e+01 2.253078773580744279e-02 1.174884945866646740e-01 5.994144318972648156e-02 2.110023928101008433e-09 9.745017967053912766e-01
2.578658538959453381e+03 6.857831640436414489e+01 2.253078773580744279e-02 1.174884945866646740e-01 5.994144318972648156e-02 2.110023928101008433e-09 9.745017967053912766e-01
2.578658538959453381e+03 6.857831640436414489e+01 2.253078773580744279e-02 1.174884945866646740e-01 5.994144318972648156e-02 2.110023928101008433e-09 9.745017967053912766e-01
2.578658538959453381e+03 6.857831640436414489e+01 2.253078773580744279e-02 1.174884945866646740e-01 5.994144318972648156e-02 2.110023928101008433e-09 9.745017967053912766e-01
2.578658538959453381e+03 6.857831640436414489e+01 2.253078773580744279e-02 1.174884945866646740e-01 5.994144318972648156e-02 2.110023928101008433e-09 9.745017967053912766e-01
2.578658538959453381e+03 6.857831640436414489e+01 2.253078773580744279e-02 1.174884945866646740e-01 5.994144318972648156e-02 2.110023928101008433e-09 9.745017967053912766e-01
2.578658538959453381e+03 6.857831640436414489e+01 2.253078773580744279e-02 1.174884945866646740e-01 5.994144318972648156e-02 2.110023928101008433e-09 9.745017967053912766e-01
2.578658538959453381e+03 6.850333132134807101e+01 2.249669674781028250e-02 1.174439706380867587e-01 5.982783219330851249e-02 2.107994448262404603e-09 9.745423120115076498e-01
2.578010493197978121e+03 6.834556936411888728e+01 2.253393424118637842e-02 1.177987122549663257e-01 6.060595033167595624e-02 2.112187541502421096e-09 9.745120555858050038e-01
2.578885557186403275e+03 6.834556936411888728e+01 2.253393424118637842e-02 1.177987122549663257e-01 6.060595033167595624e-02 2.112187541502421096e-09 9.745120555858050038e-01
2.578885557186403275e+03 6.834556936411888728e+01 2.253393424118637842e-02 1.177987122549663257e-01 6.060595033167595624e-02 2.112187541502421096e-09 9.745120555858050038e-01
2.578885557186403275e+03 6.847513232772598712e+01 2.254873587152608078e-02 1.176696188973231222e-01 5.932262338489651537e-02 2.108437385794496271e-09 9.738791943895070968e-01
2.578740224953879988e+03 6.855742073102398138e+01 2.250487846828424371e-02 1.176553275768500301e-01 5.982388809251616008e-02 2.106879235532109646e-09 9.736000891701483972e-01
2.580477260664690220e+03 6.855742073102398138e+01 2.250487846828424371e-02 1.176553275768500301e-01 5.982388809251616008e-02 2.106879235532109646e-09 9.736000891701483972e-01
2.580477260664690220e+03 6.855742073102398138e+01 2.250487846828424371e-02 1.176553275768500301e-01 5.982388809251616008e-02 2.106879235532109646e-09 9.736000891701483972e-01
2.580477260664690220e+03 6.857043827123864332e+01 2.253801320138374212e-02 1.178289279128444389e-01 5.808414990029736602e-02 2.105708779365777985e-09 9.739915070665708940e-01
2.580440689770734025e+03 6.857043827123864332e+01 2.253801320138374212e-02 1.178289279128444389e-01 5.808414990029736602e-02 2.105708779365777985e-09 9.739915070665708940e-01
2.580440689770734025e+03 6.857043827123864332e+01 2.253801320138374212e-02 1.178289279128444389e-01 5.808414990029736602e-02 2.105708779365777985e-09 9.739915070665708940e-01
2.580440689770734025e+03 6.857043827123864332e+01 2.253801320138374212e-02 1.178289279128444389e-01 5.808414990029736602e-02 2.105708779365777985e-09 9.739915070665708940e-01
2.580440689770734025e+03 6.857043827123864332e+01 2.253801320138374212e-02 1.178289279128444389e-01 5.808414990029736602e-02 2.105708779365777985e-09 9.739915070665708940e-01
2.580440689770734025e+03 6.857043827123864332e+01 2.253801320138374212e-02 1.178289279128444389e-01 5.808414990029736602e-02 2.105708779365777985e-09 9.739915070665708940e-01
2.580440689770734025e+03 6.857043827123864332e+01 2.253801320138374212e-02 1.178289279128444389e-01 5.808414990029736602e-02 2.105708779365777985e-09 9.739915070665708940e-01
2.580440689770734025e+03 6.857043827123864332e+01 2.253801320138374212e-02 1.178289279128444389e-01 5.808414990029736602e-02 2.105708779365777985e-09 9.739915070665708940e-01
2.580440689770734025e+03 6.855390044210649592e+01 2.252426097648331516e-02 1.179303416616045153e-01 5.811891479708767433e-02 2.104998999888090902e-09 9.743288289559578486e-01
2.580734598893777729e+03 6.854628575244849742e+01 2.253890948452035720e-02 1.180286650359284872e-01 5.757591706614246380e-02 2.104269738322253855e-09 9.739564308263246595e-01
2.581323091832687169e+03 6.854628575244849742e+01 2.253890948452035720e-02 1.180286650359284872e-01 5.757591706614246380e-02 2.104269738322253855e-09 9.739564308263246595e-01
2.581323091832687169e+03 6.854628575244849742e+01 2.253890948452035720e-02 1.180286650359284872e-01 5.757591706614246380e-02 2.104269738322253855e-09 9.739564308263246595e-01
2.581323091832687169e+03 6.854628575244849742e+01 2.253890948452035720e-02 1.180286650359284872e-01 5.757591706614246380e-02 2.104269738322253855e-09 9.739564308263246595e-01
2.581323091832687169e+03 6.854628575244849742e+01 2.253890948452035720e-02 1.180286650359284872e-01 5.757591706614246380e-02 2.104269738322253855e-09 9.739564308263246595e-01
2.581323091832687169e+03 6.857179292549622573e+01 2.252728354937275426e-02 1.180175411776607786e-01 5.776472855803842926e-02 2.104228072543995800e-09 9.749697669751399287e-01
2.582200542788421444e+03 6.857179292549622573e+01 2.252728354937275426e-02 1.180175411776607786e-01 5.776472855803842926e-02 2.104228072543995800e-09 9.749697669751399287e-01
2.582200542788421444e+03 6.857179292549622573e+01 2.252728354937275426e-02 1.180175411776607786e-01 5.776472855803842926e-02 2.104228072543995800e-09 9.749697669751399287e-01
2.582200542788421444e+03 6.857179292549622573e+01 2.252728354937275426e-02 1.180175411776607786e-01 5.776472855803842926e-02 2.104228072543995800e-09 9.749697669751399287e-01
2.582200542788421444e+03 6.857179292549622573e+01 2.252728354937275426e-02 1.180175411776607786e-01 5.776472855803842926e-02 2.104228072543995800e-09 9.749697669751399287e-01
2.582200542788421444e+03 6.857179292549622573e+01 2.252728354937275426e-02 1.180175411776607786e-01 5.776472855803842926e-02 2.104228072543995800e-09 9.749697669751399287e-01
2.582200542788421444e+03 6.857179292549622573e+01 2.252728354937275426e-02 1.180175411776607786e-01 5.776472855803842926e-02 2.104228072543995800e-09 9.749697669751399287e-01
2.582200542788421444e+03 6.849613738843773092e+01 2.251896555308637374e-02 1.180113781043204690e-01 5.703908074020513919e-02 2.094380647908037648e-09 9.750043524125268091e-01
2.583606776093084591e+03 6.838854136096307457e+01 2.251324809395807355e-02 1.180568675972175630e-01 5.698765449931759292e-02 2.095562006017740989e-09 9.759790816720061990e-01
2.580998140326310022e+03 6.838854136096307457e+01 2.251324809395807355e-02 1.180568675972175630e-01 5.698765449931759292e-02 2.095562006017740989e-09 9.759790816720061990e-01
2.580998140326310022e+03 6.838854136096307457e+01 2.251324809395807355e-02 1.180568675972175630e-01 5.698765449931759292e-02 2.095562006017740989e-09 9.759790816720061990e-01
2.580998140326310022e+03 6.822406612335697673e+01 2.251409404525960695e-02 1.180256588459802219e-01 5.908833029239028006e-02 2.101438267746277848e-09 9.746437392177637049e-01
2.581216578002438837e+03 6.822406612335697673e+01 2.251409404525960695e-02 1.180256588459802219e-01 5.908833029239028006e-02 2.101438267746277848e-09 9.746437392177637049e-01
2.581216578002438837e+03 6.823374580271077150e+01 2.253696724255415881e-02 1.179439664843446867e-01 5.821660937319122348e-02 2.099367582176764177e-09 9.749700259328558660e-01
2.580433758736150139e+03 6.834529893210046225e+01 2.254691496322225666e-02 1.178896711218770238e-01 5.774709743840852894e-02 2.100595671557372964e-09 9.753890849774828897e-01
2.580260200251860169e+03 6.834529893210046225e+01 2.254691496322225666e-02 1.178896711218770238e-01 5.774709743840852894e-02 2.100595671557372964e-09 9.753890849774828897e-01
2.580260200251860169e+03 6.834041259438251359e+01 2.252235636861648141e-02 1.178403235639201574e-01 5.776280241026873069e-02 2.096436986336361111e-09 9.760171346705737161e-01
2.580591751910826133e+03 6.834934674281119271e+01 2.249371127376196752e-02 1.174555286208099902e-01 5.777986050958467540e-02 2.093530903890431203e-09 9.756732615146259668e-01
2.580638862019772660e+03 6.834934674281119271e+01 2.249371127376196752e-02 1.174555286208099902e-01 5.777986050958467540e-02 2.093530903890431203e-09 9.756732615146259668e-01
2.580638862019772660e+03 6.834934674281119271e+01 2.249371127376196752e-02 1.174555286208099902e-01 5.777986050958467540e-02 2.093530903890431203e-09 9.756732615146259668e-01
2.580638862019772660e+03 6.834934674281119271e+01 2.249371127376196752e-02 1.174555286208099902e-01 5.777986050958467540e-02 2.093530903890431203e-09 9.756732615146259668e-01
2.580638862019772660e+03 6.834934674281119271e+01 2.249371127376196752e-02 1.174555286208099902e-01 5.777986050958467540e-02 2.093530903890431203e-09 9.756732615146259668e-01
2.580638862019772660e+03 6.834934674281119271e+01 2.249371127376196752e-02 1.174555286208099902e-01 5.777986050958467540e-02 2.093530903890431203e-09 9.756732615146259668e-01
2.580638862019772660e+03 6.834934674281119271e+01 2.249371127376196752e-02 1.174555286208099902e-01 5.777986050958467540e-02 2.093530903890431203e-09 9.756732615146259668e-01
2.580638862019772660e+03 6.830184293316771971e+01 2.248072594293708953e-02 1.173555290585967387e-01 5.884920793865732608e-02 2.098121871377438574e-09 9.746899200851697476e-01
2.580462044971099658e+03 6.830184293316771971e+01 2.248072594293708953e-02 1.173555290585967387e-01 5.884920793865732608e-02 2.098121871377438574e-09 9.746899200851697476e-01
2.580462044971099658e+03 6.830184293316771971e+01 2.248072594293708953e-02 1.173555290585967387e-01 5.884920793865732608e-02 2.098121871377438574e-09 9.746899200851697476e-01
